c:\sys\ut\rpn\rpn.py -l120 -a200 1 300 range 10 k_fibonacci factor -E 1 enumerate -s1
[
    [ 1, [ 0 ] ],
    [ 2, [ 0 ] ],
    [ 3, [ 0 ] ],
    [ 4, [ 0 ] ],
    [ 5, [ 0 ] ],
    [ 6, [ 0 ] ],
    [ 7, [ 0 ] ],
    [ 8, [ 0 ] ],
    [ 9, [ 1 ] ],
    [ 10, [ 1 ] ],
    [ 11, [ 2 ] ],
    [ 12, [ 2, 2 ] ],
    [ 13, [ 2, 2, 2 ] ],
    [ 14, [ 2, 2, 2, 2 ] ],
    [ 15, [ 2, 2, 2, 2, 2 ] ],
    [ 16, [ 2, 2, 2, 2, 2, 2 ] ],
    [ 17, [ 2, 2, 2, 2, 2, 2, 2 ] ],
    [ 18, [ 2, 2, 2, 2, 2, 2, 2, 2 ] ],
    [ 19, [ 2, 2, 2, 2, 2, 2, 2, 2, 2 ] ],
    [ 20, [ 3, 11, 31 ] ],
    [ 21, [ 5, 409 ] ],
    [ 22, [ 2, 2, 2, 7, 73 ] ],
    [ 23, [ 2, 2, 3, 3, 227 ] ],
    [ 24, [ 2, 2, 2, 2, 1021 ] ],
    [ 25, [ 2, 2, 2, 2, 13, 157 ] ],
    [ 26, [ 2, 2, 2, 2, 2, 2, 2, 2, 3, 5, 17 ] ],
    [ 27, [ 2, 2, 2, 2, 2, 2, 2039 ] ],
    [ 28, [ 2, 2, 2, 2, 2, 2, 2, 2, 1019 ] ],
    [ 29, [ 2, 2, 2, 2, 2, 2, 2, 2, 3, 7, 97 ] ],
    [ 30, [ 2, 2, 2, 2, 2, 2, 2, 2, 2, 2, 2, 509 ] ],
    [ 31, [ 239, 8719 ] ],
    [ 32, [ 7, 7, 151, 563 ] ],
    [ 33, [ 2, 7, 383, 1553 ] ],
    [ 34, [ 2, 2, 2, 5, 5, 83231 ] ],
    [ 35, [ 2, 2, 2, 2, 2, 79, 13163 ] ],
    [ 36, [ 2, 2, 2, 2, 1733, 2399 ] ],
    [ 37, [ 2, 2, 2, 2, 2, 4155427 ] ],
    [ 38, [ 2, 2, 2, 2, 2, 2, 2, 2, 331, 3137 ] ],
    [ 39, [ 2, 2, 2, 2, 2, 2, 2, 2, 5, 5, 7, 29, 409 ] ],
    [ 40, [ 2, 2, 2, 2, 2, 2, 2, 2, 7, 592759 ] ],
    [ 41, [ 2, 2, 2, 2, 2, 2, 2, 2, 2, 983, 4219 ] ],
    [ 42, [ 3, 3, 3, 3, 17, 3082591 ] ],
    [ 43, [ 73, 116236849 ] ],
    [ 44, [ 2, 2, 2, 2, 2, 3, 3, 3, 3, 37, 137, 1291 ] ],
    [ 45, [ 2, 2, 2, 13, 326037109 ] ],
    [ 46, [ 2, 2, 2, 2, 3, 3, 139, 577, 5869 ] ],
    [ 47, [ 2, 2, 2, 2, 7, 31, 47, 830341 ] ],
    [ 48, [ 2, 2, 2, 2, 2, 2, 2, 2, 2, 11, 48093707 ] ],
    [ 49, [ 2, 2, 2, 2, 2, 2, 2, 2, 23, 37, 233, 10667 ] ],
    [ 50, [ 2, 2, 2, 2, 2, 2, 2, 2, 191, 22136617 ] ],
    [ 51, [ 2, 2, 2, 2, 2, 2, 2, 2, 3, 3049, 924023 ] ],
    [ 52, [ 2, 2, 2, 2, 2, 2, 2, 2, 2, 2, 2, 2, 2, 2, 263996597 ] ],
    [ 53, [ 41, 1063, 198389183 ] ],
    [ 54, [ 19, 19, 193, 248077537 ] ],
    [ 55, [ 2, 3691, 4680526987 ] ],
    [ 56, [ 2, 2, 647, 1663, 16048303 ] ],
    [ 57, [ 2, 2, 2, 65171, 264824467 ] ],
    [ 58, [ 2, 2, 2, 2, 2, 3, 13, 221159060141 ] ],
    [ 59, [ 2, 2, 2, 2, 2, 2, 8620971099283 ] ],
    [ 60, [ 2, 2, 2, 2, 2, 2, 2, 3, 31, 41, 2259832397 ] ],
    [ 61, [ 2, 2, 2, 2, 2, 2, 2, 2, 2, 13, 331250493689 ] ],
    [ 62, [ 2, 2, 2, 2, 2, 2, 2, 2, 17216573633447 ] ],
    [ 63, [ 2, 2, 2, 2, 2, 2, 2, 2, 2, 719, 7561, 3165377 ] ],
    [ 64, [ 3, 409, 3767, 15427, 247001 ] ],
    [ 65, [ 5, 827, 23557, 361444583 ] ],
    [ 66, [ 2, 2, 2, 29, 571, 531287949113 ] ],
    [ 67, [ 2, 2, 5, 66818513, 105279569 ] ],
    [ 68, [ 2, 2, 2, 2, 2, 3, 149, 19662115421681 ] ],
    [ 69, [ 2, 2, 2, 2, 2, 3, 3, 5, 79187, 4930468661 ] ],
    [ 70, [ 2, 2, 2, 2, 2, 2, 2, 2, 2, 2, 31, 31, 5791, 197217077 ] ],
    [ 71, [ 2, 2, 2, 2, 2, 2, 2, 31, 53, 10682938692397 ] ],
    [ 72, [ 2, 2, 2, 2, 2, 2, 2, 2, 83, 2237, 13537, 6979891 ] ],
    [ 73, [ 2, 2, 2, 2, 2, 2, 2, 2, 3, 19, 73, 1699, 6343, 782071 ] ],
    [ 74, [ 2, 2, 2, 2, 2, 2, 2, 2, 2, 2, 2, 13, 53, 3011219, 4223741 ] ],
    [ 75, [ 11, 67, 151, 322374886801159 ] ],
    [ 76, [ 29, 3666409, 674502512521 ] ],
    [ 77, [ 2, 19, 29, 130094137934412263 ] ],
    [ 78, [ 2, 2, 2, 2, 11, 13, 191, 655793000408339 ] ],
    [ 79, [ 2, 2, 2, 2, 2, 2, 2, 5, 5, 2887, 62012072236091 ] ],
    [ 80, [ 2, 2, 2, 2, 2, 5, 29, 401, 96451, 6381470423 ] ],
    [ 81, [ 2, 2, 2, 2, 2, 2, 109, 28680349, 11442364733 ] ],
    [ 82, [ 2, 2, 2, 2, 2, 2, 2, 2, 3, 101, 58998495791833597 ] ],
    [ 83, [ 2, 2, 2, 2, 2, 2, 2, 2, 5, 5, 29, 49290406888403293 ] ],
    [ 84, [ 2, 2, 2, 2, 2, 2, 2, 2, 71436020293240863583 ] ],
    [ 85, [ 2, 2, 2, 2, 2, 2, 2, 2, 2, 2413086587, 29589061657 ] ],
    [ 86, [ 3, 3, 311, 26108865630492818417 ] ],
    [ 87, [ 5, 23, 24611, 51615559934885369 ] ],
    [ 88, [ 2, 2, 2, 2, 2, 2, 2, 3, 3, 179315089, 1413693531223 ] ],
    [ 89, [ 2, 2, 2, 2, 1931, 18894663927010081031 ] ],
    [ 90, [ 2, 2, 2, 2, 2, 283, 809, 3331, 47818803161473 ] ],
    [ 91, [ 2, 2, 2, 2, 2, 3, 3, 8099955346044519854693 ] ],
    [ 92, [ 2, 2, 2, 2, 2, 2, 2, 2, 2, 7, 1298581, 1001970440287769 ] ],
    [ 93, [ 2, 2, 2, 2, 2, 2, 2, 2, 1301, 6199, 4515126251762899 ] ],
    [ 94, [ 2, 2, 2, 2, 2, 2, 2, 2, 72792338840438612376977 ] ],
    [ 95, [ 2, 2, 2, 2, 2, 2, 2, 2, 3, 183437, 264420012793827461 ] ],
    [ 96, [ 2, 2, 2, 2, 2, 2, 2, 2, 2, 2, 2, 2, 2, 2, 2, 6383609, 355994353793387 ] ],
    [ 97, [ 5, 61, 49466381, 9866569692829141 ] ],
    [ 98, [ 5, 5, 2932577, 4058855356176766553 ] ],
    [ 99, [ 2, 7, 467, 9545981, 20164481, 472669217 ] ],
    [ 100, [ 2, 2, 3, 3, 29, 1139006475790147531987769 ] ],
    [ 101, [ 2, 2, 2, 5, 106394376707, 558553616469559 ] ],
    [ 102, [ 2, 2, 2, 2, 1627, 182537812054313765742733 ] ],
    [ 103, [ 2, 2, 2, 2, 2, 296843292557420731751578223 ] ],
    [ 104, [ 2, 2, 2, 2, 2, 2, 3, 7, 277, 8597127589, 5932826537063 ] ],
    [ 105, [ 2, 2, 2, 2, 2, 2, 2, 5, 1123, 266293, 26600419, 7455949273 ] ],
    [ 106, [ 2, 2, 2, 2, 2, 2, 2, 2, 2, 7, 7, 1889, 2657, 602612577102788611 ] ],
    [ 107, [ 2, 2, 2, 2, 2, 2, 2, 2, 2, 2, 7620776067029, 19437724848679 ] ],
    [ 108, [ 3, 3, 3, 3, 1040747, 3596923842961322856109 ] ],
    [ 109, [ 3169, 191274040567200860360732429 ] ],
    [ 110, [ 2, 2, 2, 5779, 17569, 1491782091616536187837 ] ],
    [ 111, [ 2, 2, 605552727234712897245597568639 ] ],
    [ 112, [ 2, 2, 2, 2, 3, 29, 199, 4854361871, 3600844261478669 ] ],
    [ 113, [ 2, 2, 2, 2, 643, 176459, 662696627, 8045556900317 ] ],
    [ 114, [ 2, 2, 2, 2, 2, 2, 2, 2, 3, 5, 7, 23, 373, 1061, 221453, 357108015353077 ] ],
    [ 115, [ 2, 2, 2, 2, 2, 2, 3, 3, 7, 919, 10438624841807448759908453 ] ],
    [ 116, [ 2, 2, 2, 2, 2, 2, 2, 2, 2, 4327, 9521, 3665698528830707141207 ] ],
    [ 117, [ 2, 2, 2, 2, 2, 2, 2, 2, 2, 1277, 4591, 51492604344367336066613 ] ],
    [ 118, [ 2, 2, 2, 2, 2, 2, 2, 2, 2, 2, 2, 2, 5, 5, 61, 1283, 3583, 6361, 1691613720950143 ] ],
    [ 119, [ 43777, 57503, 245363633137136166968927 ] ],
    [ 120, [ 3, 3, 3, 3, 41, 401, 927150607049191801281392813 ] ],
    [ 121, [ 2, 5, 5, 566845267, 87085499723312101725179 ] ],
    [ 122, [ 2, 2, 2, 86249, 180989297, 39509385131888573381 ] ],
    [ 123, [ 2, 2, 2, 2, 2, 61, 283, 17854504941820393956312826531 ] ],
    [ 124, [ 2, 2, 2, 2, 3221, 3923, 75079, 1298923005606904545797 ] ],
    [ 125, [ 2, 2, 2, 2, 2, 26978459491, 45654187752639171513959 ] ],
    [ 126, [ 2, 2, 2, 2, 2, 2, 2, 2, 2, 181, 28051, 65729, 461116517480986353659 ] ],
    [ 127, [ 2, 2, 2, 2, 2, 2, 2, 2, 2, 47, 146161, 44779795484424407545498439 ] ],
    [ 128, [ 2, 2, 2, 2, 2, 2, 2, 2, 2, 5, 31, 198019060910479, 20035012458013463 ] ],
    [ 129, [ 2, 2, 2, 2, 2, 2, 2, 2, 2, 2, 5, 47, 101, 5441, 4759345094300742874218161 ] ],
    [ 130, [ 3, 7, 11, 5446530963981278534317673216531753 ] ],
    [ 131, [ 3, 17, 67, 139, 139, 5438104121083, 7005299396449723 ] ],
    [ 132, [ 2, 2, 2, 2, 2, 20963, 7494837628626086122690282468061 ] ],
    [ 133, [ 2, 2, 2, 3, 3, 37, 901657, 5364822096899, 779922733124629 ] ],
    [ 134, [ 2, 2, 2, 2, 5, 419, 39709, 15094070193210142661658672379 ] ],
    [ 135, [ 2, 2, 2, 2, 3, 1151, 23303582311, 31194420289859329847167 ] ],
    [ 136, [ 2, 2, 2, 2, 2, 2, 2, 2, 2, 2, 17, 17, 6563, 11119, 84731, 11574257, 3790806551821 ] ],
    [ 137, [ 2, 2, 2, 2, 2, 2, 2, 2, 2, 31, 131, 667051667, 115714405309305703690609 ] ],
    [ 138, [ 2, 2, 2, 2, 2, 2, 2, 2, 2, 937, 11423, 355193, 629701, 3917623, 66812164777 ] ],
    [ 139, [ 2, 2, 2, 2, 2, 2, 2, 2, 2, 23, 54461016034876028145681586765954577 ] ],
    [ 140, [ 2, 2, 2, 2, 2, 2, 2, 2, 2, 2, 2, 2, 2, 2, 2, 2, 7, 11, 5750461994561029, 44180129570446153 ] ],
    [ 141, [ 5, 7, 11, 164057503550595073, 40575174152077823617 ] ],
    [ 142, [ 23, 61, 1752221, 45872163758249, 45429534300842911 ] ],
    [ 143, [ 2, 43, 215063, 10312093849, 53695748082143663421509 ] ],
    [ 144, [ 2, 2, 5118088082587221771351016271222354281267 ] ],
    [ 145, [ 2, 2, 2, 31, 41, 241, 1543905905227799, 10817108375779277393 ] ],
    [ 146, [ 2, 2, 2, 2, 2, 2, 1278266647660116532276817922927246937679 ] ],
    [ 147, [ 2, 2, 2, 2, 2, 2, 2, 4738949, 269603961368274986007603806299019 ] ],
    [ 148, [ 2, 2, 2, 2, 2, 2, 2, 2, 5, 17, 71, 167213, 26104025069, 48477516129380176507 ] ],
    [ 149, [ 2, 2, 2, 2, 2, 2, 2, 2, 2, 2, 2, 61, 1103, 4742601761224578646551052859448791 ] ],
    [ 150, [ 2, 2, 2, 2, 2, 2, 2, 2, 2, 73, 34952317685410745917257606025242836761 ] ],
    [ 151, [ 2, 2, 2, 2, 2, 2, 2, 2, 2, 2, 709, 797, 571903, 9004778591, 876366394398783473 ] ],
    [ 152, [ 3, 232225324654764673, 7493274650791760186484949 ] ],
    [ 153, [ 5, 1951, 8753, 488203, 1283063, 195113221389688550916923 ] ],
    [ 154, [ 2, 2, 2, 3, 22013, 402541, 465588203, 210684994252695852903047 ] ],
    [ 155, [ 2, 2, 37, 181, 1709, 16233743, 56111514612873170881210275371 ] ],
    [ 156, [ 2, 2, 2, 2, 2, 2, 3, 3, 3, 43, 1109, 8629, 117237255811211822613154471672019 ] ],
    [ 157, [ 2, 2, 2, 2, 2, 2, 7, 73, 637841, 280090781, 1392366263, 20484297890758523 ] ],
    [ 158, [ 2, 2, 2, 2, 2, 2, 2, 2, 2, 2, 2, 2, 3, 3615839945797, 7497442375384350087926375749 ] ],
    [ 159, [ 2, 2, 2, 2, 2, 2, 2, 2, 29, 15013, 25735926637820209, 232153439251596619511 ] ],
    [ 160, [ 2, 2, 2, 2, 2, 2, 2, 2, 2, 3, 7, 123807788490006160358361236839128075295991 ] ],
    [ 161, [ 2, 2, 2, 2, 2, 2, 2, 2, 2, 617, 631, 186672001457323273, 71513888957448599539 ] ],
    [ 162, [ 2, 2, 2, 2, 2, 2, 2, 2, 2, 2, 2, 2, 3, 517603, 21537871, 42826297606559, 906733406367913 ] ],
    [ 163, [ 3, 3, 5, 17, 5479, 74167, 1284172553, 26637343850148633868790989 ] ],
    [ 164, [ 5, 5, 11, 11, 137, 787, 5657, 24391, 32911, 14352483243629141325916583 ] ],
    [ 165, [ 2, 90347209825556903, 235167169565119858163705246263 ] ],
    [ 166, [ 2, 2, 2, 2, 2, 3, 3, 5, 47, 1723, 109620020071547, 6645119113627402337996401 ] ],
    [ 167, [ 2, 2, 2, 2, 2, 2, 2, 2, 2, 3, 3, 19, 345707, 5610232661461435799172051084888148541 ] ],
    [ 168, [ 2, 2, 2, 2, 2, 2, 487, 119311873, 11656353713, 7830989520729445492596751 ] ],
    [ 169, [ 2, 2, 2, 2, 2, 2, 2, 5, 5, 13, 9677, 4426260614317, 380818246003494790181716381 ] ],
    [ 170, [ 2, 2, 2, 2, 2, 2, 2, 2, 2, 83, 9422798492837, 543566364444343, 6231966516923417 ] ],
    [ 171, [ 2, 2, 2, 2, 2, 2, 2, 2, 2, 31, 71, 16253, 148046773443553797040642863364278658147 ] ],
    [ 172, [ 2, 2, 2, 2, 2, 2, 2, 2, 2, 3, 23, 11476281051864343706501, 13369621137514997738177 ] ],
    [ 173, [ 2, 2, 2, 2, 2, 2, 2, 2, 2, 2, 3, 3, 3, 7, 7, 4548751, 1758345462548682122727284957596687057 ] ],
    [ 174, [ 3, 3, 29, 47, 10163, 173745162373638260984289230277510058042703 ] ],
    [ 175, [ 13, 3284443, 48946397697598169957, 20718773281517485979027 ] ],
    [ 176, [ 2, 2, 2, 2, 2, 2, 2, 2, 2, 45481, 47381, 1395362387, 56223191660787957833947871561 ] ],
    [ 177, [ 2, 2, 2, 2, 2, 61, 433, 63561314777, 3220794061897983174257572652057249 ] ],
    [ 178, [ 2, 2, 2, 2, 2, 2, 17904056981, 301862354677418572648357887170249045993 ] ],
    [ 179, [ 2, 2, 2, 2, 2, 2, 3, 85853, 41946962590873113626173431218489388287280167 ] ],
    [ 180, [ 2, 2, 2, 2, 2, 2, 2, 2, 2, 2, 17, 10739, 7393691822326857880022134597064269410043607 ] ],
    [ 181, [ 2, 2, 2, 2, 2, 2, 2, 2, 2, 3, 181, 172021, 10633894279, 5433095143830208055426941706399 ] ],
    [ 182, [ 2, 2, 2, 2, 2, 2, 2, 2, 2, 5, 615845773, 849001806227, 4126550887181490480061294877 ] ],
    [ 183, [ 2, 2, 2, 2, 2, 2, 2, 2, 2, 11, 1553, 34217, 22439597, 48761501, 33717583455689174664654671 ] ],
    [ 184, [ 2, 2, 2, 2, 2, 2, 2, 2, 2, 2, 2, 2, 2, 2, 2, 2166709, 310878660166359650126196992204915227931717 ] ],
    [ 185, [ 5, 7, 17, 6678421714646690138623, 11103693639778087909856296997 ] ],
    [ 186, [ 3, 29400442259212322657701060258824610701448394543972363 ] ],
    [ 187, [ 2, 23, 64667, 2644186891, 22416059305174878405300900780784181167 ] ],
    [ 188, [ 2, 2, 5, 13, 47, 59, 67, 757, 1078690730342549, 8935481418114395784426956063 ] ],
    [ 189, [ 2, 2, 2, 3, 3, 3, 1553, 45927209056512631, 45733072853958991075250768929861 ] ],
    [ 190, [ 2, 2, 2, 2, 3, 7, 7, 1907, 21226423, 14793729099787700986087578283316658313027 ] ],
    [ 191, [ 2, 2, 2, 2, 2, 11, 409, 320081, 3799454971035729961883, 16080966987343298637661 ] ],
    [ 192, [ 2, 2, 2, 2, 2, 2, 7, 13, 757, 503663, 772321058381517461, 3281867179169583192424073 ] ],
    [ 193, [ 2, 2, 2, 2, 2, 2, 2, 3, 3, 57911257381, 329176405515475075469, 512328883880147087953 ] ],
    [ 194, [ 2, 2, 2, 2, 2, 2, 2, 2, 29, 269, 11262106040504956825666055457752500828492679970439 ] ],
    [ 195, [ 2, 2, 2, 2, 2, 2, 2, 2, 2, 7, 23, 1789, 6389, 10324046939, 4622082164480886039987079405666333 ] ],
    [ 196, [ 3, 7, 7, 359, 28862552702893816598239, 59006114472967948763563922189 ] ],
    [ 197, [ 3, 3, 7877, 871201733, 2908963663112676218743152420996840978113533 ] ],
    [ 198, [ 2, 2, 2, 5, 5, 5, 7, 7, 1374209, 2313140332717, 2305825163650240048438340945497367 ] ],
    [ 199, [ 2, 2, 3, 5, 947, 41743576675869433, 302693558692979200412029884855458551 ] ],
    [ 200, [ 2, 2, 2, 2, 3, 1699, 18427, 30367633, 17754322356227, 1771359101827040241637258993 ] ],
    [ 201, [ 2, 2, 2, 2, 3, 5, 13, 23, 171233, 322871, 723150708695904786026438931574905667664327 ] ],
    [ 202, [ 2, 2, 2, 2, 2, 2, 2, 2, 197, 563376393409, 4259007306673550209, 47394873767368023330523 ] ],
    [ 203, [ 2, 2, 2, 2, 2, 2, 5, 1693, 103969, 117043, 43971127469, 39549189265633668478506600425861 ] ],
    [ 204, [ 2, 2, 2, 2, 2, 2, 2, 2, 2753, 30857890643, 844424694857, 1247972280777705916361914718207 ] ],
    [ 205, [ 2, 2, 2, 2, 2, 2, 2, 2, 38083, 448450043, 724523659238648361773, 14462965802192434488919 ] ],
    [ 206, [ 2, 2, 2, 2, 2, 2, 2, 2, 2, 2, 2, 593, 4437303261729393034935689, 16994492686404275405038022507 ] ],
    [ 207, [ 13, 261887, 959533, 1087357, 23554241, 38863633, 3417066077357, 16476825898831 ] ],
    [ 208, [ 5, 202024870849511, 362302060174627949750066942624251523894586679 ] ],
    [ 209, [ 2, 5, 3039427831111614997, 24069698597390093202190064075954215646977 ] ],
    [ 210, [ 2, 2, 2, 5, 5350741976834393, 6832904168337316535930727003789004512500431 ] ],
    [ 211, [ 2, 2, 2, 2, 2, 67, 2833069, 20479060729, 193596669923238319, 121396543870403509459133 ] ],
    [ 212, [ 2, 2, 2, 2, 2503, 3089, 108439, 2373185263369, 183568063723248267299552336534837383 ] ],
    [ 213, [ 2, 2, 2, 2, 2, 1427, 1931, 26203691, 97973503567, 30718809381067463, 1679956915902336109 ] ],
    [ 214, [ 2, 2, 2, 2, 2, 2, 2, 2, 211, 818786443967, 528023965473588166913422028686694733596451841 ] ],
    [ 215, [ 2, 2, 2, 2, 2, 2, 2, 2, 3, 7, 7, 331, 1429, 25987085770421, 100922601862968551992460878152327723901 ] ],
    [ 216, [ 2, 2, 2, 2, 2, 2, 2, 2, 41, 5242657667693, 1695918824049491870779414367143625407038650771 ] ],
    [ 217, [ 2, 2, 2, 2, 2, 2, 2, 2, 2, 3, 3, 3, 3, 113, 884171, 2671330088671613, 16853883191903660784626069306535293 ] ],
    [ 218, [ 71, 35603, 94811, 38089704239, 40851009831464908190956680547743251858311 ] ],
    [ 219, [ 191776021, 1741513761107359, 2232079688298552592152467697535240405291 ] ],
    [ 220, [ 2, 2, 2, 2, 2, 1427, 2602119577509952441, 12541415318226803829459324000805139352517 ] ],
    [ 221, [ 2, 2, 2, 3, 3, 34756901, 94800286751240173, 303988545075396427, 41307050041829164183 ] ],
    [ 222, [ 2, 2, 2, 2, 139, 311, 868923984079575906799, 9908421643444202677359810818001066889 ] ],
    [ 223, [ 2, 2, 2, 2, 709, 24841, 53376979, 791423597620534050677286152486663238650292640337 ] ],
    [ 224, [ 2, 2, 2, 2, 2, 2, 2, 2, 2, 17, 23, 3037033388260673, 3632437790668223, 10775083646642575926495683551 ] ],
    [ 225, [ 2, 2, 2, 2, 2, 2, 2, 2, 41, 23269, 7163773, 27188710163364850307973120906525454584997967604967 ] ],
    [ 226, [ 2, 2, 2, 2, 2, 2, 2, 2, 5, 11, 277672285798477, 24322802562548924272662066744869327957161308139 ] ],
    [ 227, [ 2, 2, 2, 2, 2, 2, 2, 2, 3, 389, 409, 36973, 29063297, 141641946239, 10221392398127157211791939974732791 ] ],
    [ 228, [ 2, 2, 2, 2, 2, 2, 2, 2, 2, 2, 2, 2, 2, 2, 3, 5, 96894631, 17125043529897443753, 931836876954990994155317825282701 ] ],
    [ 229, [ 231952293883230773, 3274919727762146038929931264169425722824720740381 ] ],
    [ 230, [ 3, 317, 2377176878757268744559969, 671698160437575262564787549348213241983 ] ],
    [ 231, [ 2, 7, 7, 11428544461057, 2710291590949537478272418470523804027608377298577161 ] ],
    [ 232, [ 2, 2, 167, 1219172057215397, 7450894170575293015901989714889375183191088127301 ] ],
    [ 233, [ 2, 2, 2, 3, 491, 3517, 820928755493049456949704439, 356530041152249684426429206766939 ] ],
    [ 234, [ 2, 2, 2, 2, 2, 11, 13, 53, 641, 155978100466722505094752540264194021839413038047609171797483 ] ],
    [ 235, [ 2, 2, 2, 2, 2, 2, 3, 5, 5, 211, 1030105469, 46461689549140382464773711344501665677953093099123861 ] ],
    [ 236, [ 2, 2, 2, 2, 2, 2, 2, 43, 47, 271, 7307, 387437, 38756087, 12597707764945378809706751915898243651662849 ] ],
    [ 237, [ 2, 2, 2, 2, 2, 2, 2, 2, 2, 37, 191, 8209, 412668983, 312566596237619, 50558521988144491775471248493710411 ] ],
    [ 238, [ 2, 2, 2, 2, 2, 2, 2, 2, 345749, 26942471, 8842161683489991977683, 18363444073758073566755803529801 ] ],
    [ 239, [ 2, 2, 2, 2, 2, 2, 2, 2, 2, 179, 8445877165644105259171450903347124090174594408342800811958590123 ] ],
    [ 240, [ 3, 5, 151, 577, 5819826912126828847, 89793848604118597151, 2265603573558135426019847 ] ],
    [ 241, [ 3, 7, 13, 119687, 913321, 3102139331, 33412353321439828272460778754566274017608968713 ] ],
    [ 242, [ 2, 2, 2, 5, 7, 11, 53, 61, 878831, 71193259, 240445557229, 10577472730829, 3902284645117047129145603 ] ],
    [ 243, [ 2, 2, 32191, 25786697, 1477983592352809, 2518693561873651840865224433288599334173187 ] ],
    [ 244, [ 2, 2, 2, 2, 2, 5, 154430110076604872125901700218824591123389636681193698490210812770369 ] ],
    [ 245, [ 2, 2, 2, 2, 2, 3, 3, 8423, 25005085365829, 814293889496359031487828628108101478072988118296851 ] ],
    [ 246, [ 2, 2, 2, 2, 2, 2, 2, 2, 2, 2, 3, 13, 29, 12371561, 6891259204946191723262421830623744960907943211926984692513 ] ],
    [ 247, [ 2, 2, 2, 2, 2, 2, 2, 23, 53, 1264995017367264725579477826444744971458931640132890779982032289599 ] ],
    [ 248, [ 2, 2, 2, 2, 2, 2, 2, 2, 3, 19, 19, 31, 31, 8560030573, 2210775875144471, 78254170125077914797646395453390542731 ] ],
    [ 249, [ 2, 2, 2, 2, 2, 2, 2, 2, 467, 1193, 2179, 58207489192726594815643503463, 43601636354729481921705242919043 ] ],
    [ 250, [ 2, 2, 2, 2, 2, 2, 2, 2, 2, 2, 2, 100493, 5440223, 1408220138720077246146669158590156371141355770047126197979 ] ],
    [ 251, [ 32587, 72131933348936995056360299599, 1340904676723535250124962713051663057837 ] ],
    [ 252, [ 47, 47, 227, 461, 122511861003057104596921015762781, 222477484546874029974522276879623 ] ],
    [ 253, [ 2, 479, 3119, 584561, 6530354261623, 133152249898399, 8292921819092779602428157403209097 ] ],
    [ 254, [ 2, 2, 2, 2, 103, 322339, 39043967, 826779679302383167, 1468272256473701837418522485014971533909 ] ],
    [ 255, [ 2, 2, 2, 2, 2, 2, 2, 3, 13, 20046636353199561749493731681, 502945745201738626648726215949370653371227 ] ],
    [ 256, [ 2, 2, 2, 2, 2, 3, 7, 7, 601, 1553, 18632675001743947963417, 1229888158069675152147096342721794938661853 ] ],
    [ 257, [ 2, 2, 2, 2, 2, 2, 3, 3, 550651, 75995144453, 1435187669119, 5814032524509850811621317702948811946500951 ] ],
    [ 258, [ 2, 2, 2, 2, 2, 2, 2, 2, 31, 31, 691, 4877, 484946241809110319523555166802913653784679814483440553694449483 ] ],
    [ 259, [ 2, 2, 2, 2, 2, 2, 2, 2, 31, 31, 3266940637731947481750305756436913820535930829810219174059073236924503 ] ],
    [ 260, [ 2, 2, 2, 2, 2, 2, 2, 2, 3, 5, 5, 5, 1527793, 668183459, 1833322498411, 8942338405981542883900013892790101780192127 ] ],
    [ 261, [ 2, 2, 2, 2, 2, 2, 2, 2, 2, 7, 223, 3319, 26617039019, 1647976338075660539, 27602438507653417117446509608299600979 ] ],
    [ 262, [ 43, 7889221257091, 681608143585446877, 27766283925722990945832101535150280081160843 ] ],
    [ 263, [ 3, 149, 20947, 4070489, 336741020348020439303985749760234055183799617481218539980224637 ] ],
    [ 264, [ 2, 2, 2, 2, 2, 2, 2, 23, 1279, 1096863641, 33081747264447458711909, 187775694414479217907476549016175803499 ] ],
    [ 265, [ 2, 2, 2, 2, 3, 5, 7, 13, 2348296955709572665277298853232851986774176832671125617458079260517445211 ] ],
    [ 266, [ 2, 2, 2, 2, 2, 3, 3, 13, 61, 79, 97, 5557, 230611, 186762463, 172551052741, 910259865005980427, 1558349889444760594379 ] ],
    [ 267, [ 2, 2, 2, 2, 2, 3, 5, 23, 163, 1427, 2611391, 171305383, 20597965537086793, 8661466742426684998153127518016083759 ] ],
    [ 268, [ 2, 2, 2, 2, 2, 2, 2, 2, 2, 3, 11, 19, 10457, 22157, 326250169417, 37314450994559, 382503155219609, 1182872088216977629007149 ] ],
    [ 269, [ 2, 2, 2, 2, 2, 2, 2, 2, 5, 5, 89, 1437815089659454515622907729813849627650814444890800312486208869471874279 ] ],
    [ 270, [ 2, 2, 2, 2, 2, 2, 2, 2, 11, 61, 238636591, 556116493601, 71816553986995750260083206716419922874922859392916647 ] ],
    [ 271, [ 2, 2, 2, 2, 2, 2, 2, 2, 7, 133201809599, 47766360089286645885485663, 287036035891642727581605683974945745251 ] ],
    [ 272, [ 2, 2, 2, 2, 2, 2, 2, 2, 2, 2, 2, 2, 2, 2, 2, 2, 3, 7, 271, 4822326666137, 3637461470123935868582704179524931940448482663012094231083 ] ],
    [ 273, [ 19, 227, 137958571, 21979218228265895052824028346819042038544705319620532670238975509563 ] ],
    [ 274, [ 29, 89, 97, 38855844799947430943, 2687454585755677513183391226901829019463133670562046611 ] ],
    [ 275, [ 2, 11, 86156931491, 503873829903054946214739980663, 54719152746869763361822671488899061591 ] ],
    [ 276, [ 2, 2, 137, 3517, 19471, 66776835299, 233959268789044205839, 178190128477836948345071425440507690427 ] ],
    [ 277, [ 2, 2, 2, 145861, 464210415479, 385534902554238230047724692114767410940034628394020577008692979 ] ],
    [ 278, [ 2, 2, 2, 2, 2911537, 4960909, 11298509, 2028105566102387, 2293350836949301, 34374694676850217815427959949 ] ],
    [ 279, [ 2, 2, 2, 2, 2, 101, 45169235185170247, 123738713998667156259846038779, 46197848693940850514246037179819 ] ],
    [ 280, [ 2, 2, 2, 2, 2, 2, 23, 181, 311, 570467, 415344091, 84971433447933794053598933840944832642865547781375807823907 ] ],
    [ 281, [ 2, 2, 2, 2, 2, 2, 2, 5147, 5061869983003846480520360397603485253194439798552958665432312349052565063779 ] ],
    [ 282, [ 2, 2, 2, 2, 2, 2, 2, 2, 2, 2, 3, 165721, 3717197609, 100322707555657002391, 35113839166484781629351867241665254612431083 ] ],
    [ 283, [ 2, 2, 2, 2, 2, 2, 2, 2, 2, 2, 2, 3, 3, 17, 42529220713891784240700177427669337012101864793782361891792208911855928899983 ] ],
    [ 284, [ 5, 29, 239252163262577308975673, 13989495307874722653463586719, 54890821159699191598254083737 ] ],
    [ 285, [ 7, 13, 29, 31, 43, 53, 2381, 6719, 1058381, 34459094396081809, 489538837398063091760893110217159825248142189 ] ],
    [ 286, [ 2, 2, 2, 17, 7621, 10180118183, 10089174760099771710575921633685215618897991294761259070185487567309 ] ],
    [ 287, [ 2, 2, 3, 521, 757, 122502199, 241527397, 7107476552299, 213813738294993898866368928764019749079137961409 ] ],
    [ 288, [ 2, 2, 2, 2, 23, 1115711, 14022124778513, 480466646325374711, 153785862708390262273283677378448275078532449 ] ],
    [ 289, [ 2, 2, 2, 2, 877, 40933, 18875261028651479, 78437500030020977463331030437665572154814054226697247157829 ] ],
    [ 290, [ 2, 2, 2, 2, 2, 2, 2, 2, 3, 14533, 3804667590726833321, 43237199186950410167, 925839993709663617225651689214700601711 ] ],
    [ 291, [ 2, 2, 2, 2, 2, 2, 173, 2094437253641, 146537950874347330186508323921902962984100825810597163751021226438709 ] ],
    [ 292, [ 2, 2, 2, 2, 2, 2, 2, 2, 2, 2, 3, 3, 7, 11, 109621, 3685054271, 220124624535397358002537, 107651706915447403457644633213920590166563 ] ],
    [ 293, [ 2, 2, 2, 2, 2, 2, 2, 2, 2, 2, 3, 5, 17551, 24617459, 450486433444211906560813240889, 4542126318422795525209674044131034443897 ] ],
    [ 294, [ 2, 2, 2, 2, 2, 2, 2, 2, 2, 2, 2, 2, 2, 3, 202667, 255120317, 21362633455325208287448088164121484233711886850650740468951124067767 ] ],
    [ 295, [ 167, 401, 15580292637077947, 30967760951899026178366304185711, 1679440622942789491129032330244939 ] ],
    [ 296, [ 3, 495458364474442337, 90660854325130768607194463, 804969693075881373251199351768356523835801 ] ],
    [ 297, [ 2, 83, 3271, 1059343, 1947977237, 494576346263, 124380649487690542080587, 3145931958623047094152925502059 ] ],
    [ 298, [ 2, 2, 2, 7, 163, 47488211025004132514452646885685469601928384956535738046501143183576337130414944837 ] ],
    [ 299, [ 2, 2, 2, 2, 2, 3, 17, 131, 136013, 47091480617660887, 656763128985682494377439583121, 963507953745814178239315018183 ] ],
    [ 300, [ 2, 2, 2, 2, 1429, 19937, 3799995694789913255853751834555353402814448664773688277424384081378090637789757 ] ]
]
