c:\sys\ut\rpn\rpn.py -l120 -a200 1 200 range 12 k_fibonacci factor -E 1 enumerate -s1
[
    [ 1, [ 0 ] ],
    [ 2, [ 0 ] ],
    [ 3, [ 0 ] ],
    [ 4, [ 0 ] ],
    [ 5, [ 0 ] ],
    [ 6, [ 0 ] ],
    [ 7, [ 0 ] ],
    [ 8, [ 0 ] ],
    [ 9, [ 0 ] ],
    [ 10, [ 0 ] ],
    [ 11, [ 1 ] ],
    [ 12, [ 1 ] ],
    [ 13, [ 2 ] ],
    [ 14, [ 2, 2 ] ],
    [ 15, [ 2, 2, 2 ] ],
    [ 16, [ 2, 2, 2, 2 ] ],
    [ 17, [ 2, 2, 2, 2, 2 ] ],
    [ 18, [ 2, 2, 2, 2, 2, 2 ] ],
    [ 19, [ 2, 2, 2, 2, 2, 2, 2 ] ],
    [ 20, [ 2, 2, 2, 2, 2, 2, 2, 2 ] ],
    [ 21, [ 2, 2, 2, 2, 2, 2, 2, 2, 2 ] ],
    [ 22, [ 2, 2, 2, 2, 2, 2, 2, 2, 2, 2 ] ],
    [ 23, [ 2, 2, 2, 2, 2, 2, 2, 2, 2, 2, 2 ] ],
    [ 24, [ 3, 3, 5, 7, 13 ] ],
    [ 25, [ 19, 431 ] ],
    [ 26, [ 2, 2, 2, 23, 89 ] ],
    [ 27, [ 2, 2, 3, 2729 ] ],
    [ 28, [ 2, 2, 2, 2, 4093 ] ],
    [ 29, [ 2, 2, 2, 2, 5, 1637 ] ],
    [ 30, [ 2, 2, 2, 2, 2, 2, 2, 2, 3, 11, 31 ] ],
    [ 31, [ 2, 2, 2, 2, 2, 2, 7, 7, 167 ] ],
    [ 32, [ 2, 2, 2, 2, 2, 2, 2, 2, 4091 ] ],
    [ 33, [ 2, 2, 2, 2, 2, 2, 2, 2, 3, 3, 3, 3, 101 ] ],
    [ 34, [ 2, 2, 2, 2, 2, 2, 2, 2, 2, 2, 2, 5, 409 ] ],
    [ 35, [ 2, 2, 2, 2, 2, 2, 2, 2, 2, 2, 8179 ] ],
    [ 36, [ 2, 2, 2, 2, 2, 2, 2, 2, 2, 2, 2, 2, 3, 29, 47 ] ],
    [ 37, [ 3, 353, 31627 ] ],
    [ 38, [ 4021, 16657 ] ],
    [ 39, [ 2, 3, 7, 3189029 ] ],
    [ 40, [ 2, 2, 2, 3, 3, 11, 383, 883 ] ],
    [ 41, [ 2, 2, 2, 2, 2, 7, 43, 55609 ] ],
    [ 42, [ 2, 2, 2, 2, 3, 3, 7438339 ] ],
    [ 43, [ 2, 2, 2, 2, 2, 3, 19, 1174331 ] ],
    [ 44, [ 2, 2, 2, 2, 2, 2, 2, 2, 16732171 ] ],
    [ 45, [ 2, 2, 2, 2, 2, 2, 2, 2, 3, 11, 11, 92177 ] ],
    [ 46, [ 2, 2, 2, 2, 2, 2, 2, 2, 3, 7, 821, 3881 ] ],
    [ 47, [ 2, 2, 2, 2, 2, 2, 2, 2, 2, 701, 95441 ] ],
    [ 48, [ 2, 2, 2, 2, 2, 2, 2, 2, 2, 2, 2, 3, 7, 1592761 ] ],
    [ 49, [ 2, 2, 2, 2, 2, 2, 2, 2, 2, 2, 2, 2, 2, 2, 3, 3, 137, 6781 ] ],
    [ 50, [ 3, 11, 8301177887 ] ],
    [ 51, [ 5, 109562152549 ] ],
    [ 52, [ 2, 2, 2, 2, 2, 59, 73, 7948453 ] ],
    [ 53, [ 2, 2, 2, 19, 223, 64630261 ] ],
    [ 54, [ 2, 2, 2, 2, 13, 21061918403 ] ],
    [ 55, [ 2, 2, 2, 2, 7, 78220419061 ] ],
    [ 56, [ 2, 2, 2, 2, 2, 2, 2, 2, 2, 5, 29, 29, 43, 189239 ] ],
    [ 57, [ 2, 2, 2, 2, 2, 2, 2, 2, 3, 3, 11, 89, 1061, 14639 ] ],
    [ 58, [ 2, 2, 2, 2, 2, 2, 2, 2, 3, 11, 257, 607, 53161 ] ],
    [ 59, [ 2, 2, 2, 2, 2, 2, 2, 2, 3, 37, 28961, 170243 ] ],
    [ 60, [ 2, 2, 2, 2, 2, 2, 2, 2, 2, 2, 2, 2, 2, 2, 6961, 2456581 ] ],
    [ 61, [ 2, 2, 2, 2, 2, 2, 2, 2, 2, 2, 2, 5, 5, 11, 37, 73, 97, 3797 ] ],
    [ 62, [ 2, 2, 2, 2, 2, 2, 2, 2, 2, 2, 2, 2, 7, 39076753369 ] ],
    [ 63, [ 5, 61, 36697, 200181049 ] ],
    [ 64, [ 5, 7, 128015400053731 ] ],
    [ 65, [ 2, 3, 3, 3, 13, 31, 5657, 72781697 ] ],
    [ 66, [ 2, 2, 5, 3914987, 228835681 ] ],
    [ 67, [ 2, 2, 2, 3, 23869, 62548297951 ] ],
    [ 68, [ 2, 2, 2, 2, 2, 5, 251, 740581, 2409193 ] ],
    [ 69, [ 2, 2, 2, 2, 2, 2, 5, 7, 17, 19, 23, 193, 3187, 13999 ] ],
    [ 70, [ 2, 2, 2, 2, 2, 2, 2, 826019, 2710139563 ] ],
    [ 71, [ 2, 2, 2, 2, 2, 2, 2, 2, 2, 5, 7, 281, 1699, 4021, 16657 ] ],
    [ 72, [ 2, 2, 2, 2, 2, 2, 2, 2, 11, 23, 31, 272341, 2095609 ] ],
    [ 73, [ 2, 2, 2, 2, 2, 2, 2, 2, 2, 5, 167, 8713, 615174341 ] ],
    [ 74, [ 2, 2, 2, 2, 2, 2, 2, 2, 2, 2, 3, 5, 16477, 18106308091 ] ],
    [ 75, [ 2, 2, 2, 2, 2, 2, 2, 2, 2, 2, 2, 31, 31, 3067, 1518130297 ] ],
    [ 76, [ 683, 8081, 29633, 112044781 ] ],
    [ 77, [ 53, 4007, 2096687, 82300249 ] ],
    [ 78, [ 2, 2, 2, 9160451439180554231 ] ],
    [ 79, [ 2, 2, 71962739, 509115228551 ] ],
    [ 80, [ 2, 2, 2, 2, 2, 11, 307, 2693, 668747, 1505849 ] ],
    [ 81, [ 2, 2, 2, 2, 2, 23, 16427, 48473177865631 ] ],
    [ 82, [ 2, 2, 2, 2, 2, 2, 2, 2, 2, 2, 23, 41081, 734423, 1649299 ] ],
    [ 83, [ 2, 2, 2, 2, 2, 2, 2, 3, 3, 3, 3, 11, 199, 283, 169933, 2147269 ] ],
    [ 84, [ 2, 2, 2, 2, 2, 2, 2, 2, 269, 68057504290044761 ] ],
    [ 85, [ 2, 2, 2, 2, 2, 2, 2, 2, 1871, 287437, 68075170913 ] ],
    [ 86, [ 2, 2, 2, 2, 2, 2, 2, 2, 2, 2, 2, 4691, 138469, 14088803881 ] ],
    [ 87, [ 2, 2, 2, 2, 2, 2, 2, 2, 2, 2, 430688003, 84983817097 ] ],
    [ 88, [ 2, 2, 2, 2, 2, 2, 2, 2, 2, 2, 2, 2, 2, 2, 307, 14901073271711117 ] ],
    [ 89, [ 7, 191, 229, 2141, 26189, 8730724669 ] ],
    [ 90, [ 299729621493966984970253 ] ],
    [ 91, [ 2, 3, 3, 3, 6037069, 1838597502935983 ] ],
    [ 92, [ 2, 2, 2, 2, 5, 14982817118094856089607 ] ],
    [ 93, [ 2, 2, 2, 2, 2, 2, 2, 13, 17, 773, 1409, 2897, 26854627957 ] ],
    [ 94, [ 2, 2, 2, 2, 2, 1777133, 84288311889265241 ] ],
    [ 95, [ 2, 2, 2, 2, 2, 2, 1103, 34499, 3935973563690921 ] ],
    [ 96, [ 2, 2, 2, 2, 2, 2, 2, 2, 7, 10696779922861756323637 ] ],
    [ 97, [ 2, 2, 2, 2, 2, 2, 2, 2, 373, 401438636598955942333 ] ],
    [ 98, [ 2, 2, 2, 2, 2, 2, 2, 2, 23, 72221, 180265894263966349 ] ],
    [ 99, [ 2, 2, 2, 2, 2, 2, 2, 2, 2, 17681, 40087, 232457, 1817183549 ] ],
    [ 100, [ 2, 2, 2, 2, 2, 2, 2, 2, 2, 2, 2, 2, 2, 3, 3, 5, 61, 257, 53043631673020949 ] ],
    [ 101, [ 2, 2, 2, 2, 2, 2, 2, 2, 2, 2, 2, 2, 2, 2, 2, 227, 739, 21661, 132283, 38919997 ] ],
    [ 102, [ 3, 5, 5, 137, 4858703, 8029663, 3058109029 ] ],
    [ 103, [ 17, 144205042029825982480015841 ] ],
    [ 104, [ 2, 2, 2, 2, 2, 2, 2, 151, 345849351923, 733385609219 ] ],
    [ 105, [ 2, 2, 2, 2, 173, 3823, 926430369419421993583 ] ],
    [ 106, [ 2, 2, 2, 2, 2, 5, 23, 211, 419, 60258146683754829083 ] ],
    [ 107, [ 2, 2, 2, 2, 2, 2609, 442903, 1060240251342413291 ] ],
    [ 108, [ 2, 2, 2, 2, 2, 2, 2, 2, 2, 5, 7, 4374977885601924214625129 ] ],
    [ 109, [ 2, 2, 2, 2, 2, 2, 2, 2, 3, 3, 7, 109, 17518903, 5090692292615701 ] ],
    [ 110, [ 2, 2, 2, 2, 2, 2, 2, 2, 3607, 6563, 51734368928303118973 ] ],
    [ 111, [ 2, 2, 2, 2, 2, 2, 2, 2, 3, 47, 173, 19051, 104287, 50534902868959 ] ],
    [ 112, [ 2, 2, 2, 2, 2, 2, 2, 2, 2, 2, 2, 2, 2, 2, 2, 151, 367922528093, 688712879849 ] ],
    [ 113, [ 2, 2, 2, 2, 2, 2, 2, 2, 2, 2, 2, 2, 2, 19, 16108489689819020667502409 ] ],
    [ 114, [ 2, 2, 2, 2, 2, 2, 2, 2, 2, 2, 2, 2, 2, 2, 5, 521766268339, 117303055726379 ] ],
    [ 115, [ 5, 7, 43, 479, 53381, 264327913, 985712860219 ] ],
    [ 116, [ 3, 3, 3, 4862063, 62620487, 2439092560473259 ] ],
    [ 117, [ 2, 5, 3607, 1111628892904743453540116779 ] ],
    [ 118, [ 2, 2, 3, 7, 7, 7, 41, 229, 1723, 26177, 26183, 1756967011489 ] ],
    [ 119, [ 2, 2, 2, 163244969, 3206886119, 38286568018247 ] ],
    [ 120, [ 2, 2, 2, 2, 3, 3, 7, 7, 277, 19691741863, 8331327250773133 ] ],
    [ 121, [ 2, 2, 2, 2, 2, 7, 2729, 691589, 1516749770802599264189 ] ],
    [ 122, [ 2, 2, 2, 2, 2, 2, 7, 7, 6737, 965089, 62889841788687822187 ] ],
    [ 123, [ 2, 2, 2, 2, 2, 2, 2, 587, 201007, 169788439389183813286997 ] ],
    [ 124, [ 2, 2, 2, 2, 2, 2, 2, 2, 2, 7, 631, 2089, 64763, 16760289306941814433 ] ],
    [ 125, [ 2, 2, 2, 2, 2, 2, 2, 2, 2, 2, 3, 3, 507216037649, 2193742890740443883 ] ],
    [ 126, [ 2, 2, 2, 2, 2, 2, 2, 2, 2, 2, 2, 449, 1613, 429724627, 32173415351476081 ] ],
    [ 127, [ 2, 2, 2, 2, 2, 2, 2, 2, 2, 2, 2, 2, 3, 43, 131, 727, 14832053, 54943754919561371 ] ],
    [ 128, [ 11, 43, 577, 29232157, 405850339, 25327256017121 ] ],
    [ 129, [ 1637, 5591, 17918043983669646464476733759 ] ],
    [ 130, [ 2, 2, 2, 3, 13664521503166786759967115165910349 ] ],
    [ 131, [ 2, 2, 3, 3, 18217134695756029917379153417837639 ] ],
    [ 132, [ 2, 2, 2, 2, 43, 4018981, 474302134471381776985250549 ] ],
    [ 133, [ 2, 2, 2, 2, 36775043, 266113153289, 16749307563038053 ] ],
    [ 134, [ 2, 2, 2, 2, 2, 2, 2, 2, 1748027, 11719934076785922844656124373 ] ],
    [ 135, [ 2, 2, 2, 2, 2, 2, 3, 3, 761, 4813, 12347, 41555341, 9688998089258591 ] ],
    [ 136, [ 2, 2, 2, 2, 2, 2, 2, 2, 2, 17, 73, 33008464974542401245205865361049 ] ],
    [ 137, [ 2, 2, 2, 2, 2, 2, 2, 2, 2, 2379683, 130767389, 263242162321094170793 ] ],
    [ 138, [ 2, 2, 2, 2, 2, 2, 2, 2, 2, 2, 2, 2, 188294053596409, 108748761112763961983 ] ],
    [ 139, [ 2, 2, 2, 2, 2, 2, 2, 2, 2, 2, 2, 11, 293, 25410166653457860176550067030003 ] ],
    [ 140, [ 2, 2, 2, 2, 2, 2, 2, 2, 2, 2, 2, 2, 2, 5, 163, 50237395863954291115248303046879 ] ],
    [ 141, [ 31, 31, 37, 457, 4919446657, 8390619052948572285829 ] ],
    [ 142, [ 3, 3, 23, 171713, 59070355169929, 638830096132873219 ] ],
    [ 143, [ 2, 3, 7, 17, 47, 149, 5395347405571, 99426836035820724533 ] ],
    [ 144, [ 2, 2, 2, 3, 46894867, 4765908735873608288355755529701 ] ],
    [ 145, [ 2, 2, 2, 2, 2, 9633521, 34795585218754641815603457162877 ] ],
    [ 146, [ 2, 2, 2, 2, 30631, 38055217, 12507622239019, 91953011124049 ] ],
    [ 147, [ 2, 2, 2, 2, 2, 541, 2477797034068305614792387820710147609 ] ],
    [ 148, [ 2, 2, 2, 2, 2, 2, 2, 2, 2, 5, 7, 67, 4483, 5771683, 2761250803349042106964229 ] ],
    [ 149, [ 2, 2, 2, 2, 2, 2, 2, 2, 2, 3, 3660413, 870208039, 35060844826741114793561 ] ],
    [ 150, [ 2, 2, 2, 2, 2, 2, 2, 2, 2, 11, 61, 759246379, 1315129325584434576740750519 ] ],
    [ 151, [ 2, 2, 2, 2, 2, 2, 2, 2, 2, 2, 7884269, 84968740881854442315239964344707 ] ],
    [ 152, [ 2, 2, 2, 2, 2, 2, 2, 2, 2, 2, 2, 2, 971, 31333077221, 11008172993514821888297327 ] ],
    [ 153, [ 2, 2, 2, 2, 2, 2, 2, 2, 2, 2, 2, 2, 2, 2, 2, 2, 3, 17, 109, 2247660350681, 3350171838794810918671 ] ],
    [ 154, [ 85593869, 64092707089469045470896640349112379 ] ],
    [ 155, [ 7, 2836621, 10304723330358733, 53615762095058960311 ] ],
    [ 156, [ 2, 2, 2, 2, 2, 7, 11, 19, 71, 6600128941823459766793374223259976631 ] ],
    [ 157, [ 2, 2, 2, 37, 2534073913543, 58488567418517138912470910633 ] ],
    [ 158, [ 2, 2, 2, 2, 7, 659, 15927733, 109728555687343, 680114143693804727 ] ],
    [ 159, [ 2, 2, 2, 2, 43, 59, 349, 2131, 5811475979664905701756749956072267 ] ],
    [ 160, [ 2, 2, 2, 2, 2, 2, 2, 2, 2, 2, 29, 1041311, 5646877, 1236351569, 1625114445457079333 ] ],
    [ 161, [ 2, 2, 2, 2, 2, 2, 2, 2, 2, 3, 10169, 55219, 813451329740531512186025490431623 ] ],
    [ 162, [ 2, 2, 2, 2, 2, 2, 2, 2, 2, 3, 3, 7, 1483, 3938908837947229, 7446271771942622698357 ] ],
    [ 163, [ 2, 2, 2, 2, 2, 2, 2, 2, 2, 37, 8747, 54779, 3409937, 90646722792214736315556499 ] ],
    [ 164, [ 2, 2, 2, 2, 2, 2, 2, 2, 2, 2, 2, 2, 2, 2, 2, 2, 3, 5, 29, 15888001, 32767393, 69964957, 5403303555149503 ] ],
    [ 165, [ 2, 2, 2, 2, 2, 2, 2, 2, 2, 2, 2, 2, 69645931, 121994111, 322405625951540221238638283 ] ],
    [ 166, [ 2, 2, 2, 2, 2, 2, 2, 2, 2, 2, 2, 2, 2, 11, 59, 8100245827, 521004212787017740323242467597 ] ],
    [ 167, [ 271, 457, 8431, 42972081859695986552763923486733783929 ] ],
    [ 168, [ 3, 3, 3, 5, 664651679102476013405498898287029714964398687 ] ],
    [ 169, [ 2, 40952466603328889281, 2190759554113018466170374377 ] ],
    [ 170, [ 2, 2, 127, 7307, 212015889155436361, 455942887992646423663439 ] ],
    [ 171, [ 2, 2, 2, 7680001882757, 39111572224358443, 298608377219969143 ] ],
    [ 172, [ 2, 2, 2, 2, 2, 2, 659, 34022802697901909815349669457682940429648597 ] ],
    [ 173, [ 2, 2, 2, 2, 2, 2, 2, 5, 5179, 31511, 17351111, 1583423246262730689000528110737 ] ],
    [ 174, [ 2, 2, 2, 2, 2, 2, 2, 2, 179, 40216133, 246915580979, 12610940447767187359659949 ] ],
    [ 175, [ 2, 2, 2, 2, 2, 2, 2, 2, 2, 2, 2, 5, 19, 38098658999, 1548113965430425812543056660280173 ] ],
    [ 176, [ 2, 2, 2, 2, 2, 2, 2, 2, 2, 2251, 795121, 7871805467, 3181193181632363848091923081 ] ],
    [ 177, [ 2, 2, 2, 2, 2, 2, 2, 2, 2, 2, 5557, 20780827303, 388076003521357376353505736190907 ] ],
    [ 178, [ 2, 2, 2, 2, 2, 2, 2, 2, 2, 2, 2, 3, 157, 52639, 1807333864941543039428500303848931028539 ] ],
    [ 179, [ 2, 2, 2, 2, 2, 2, 2, 2, 2, 2, 2, 2, 887, 20963, 1462468099, 22279291939, 73951840660311624169 ] ],
    [ 180, [ 3, 3, 5, 13, 627328199270668483881521608685449131604478144519 ] ],
    [ 181, [ 3, 3, 5, 17, 127, 131, 14827, 980036987, 3968216609169857709855281142773 ] ],
    [ 182, [ 2, 2, 2, 4129, 8839839157, 3755009542841, 1338487126555052342517419 ] ],
    [ 183, [ 2, 2, 3, 3, 151, 715612472371, 4635583042830413, 162749499519338261681 ] ],
    [ 184, [ 2, 2, 2, 2, 2, 2, 13, 109, 367, 255191, 690998388349002665610784358493512408947 ] ],
    [ 185, [ 2, 2, 2, 2, 2, 2, 3, 7, 599, 87509, 14024853086983097, 11878402685359867156736849 ] ],
    [ 186, [ 2, 2, 2, 2, 2, 2, 2, 2, 2, 2, 2, 2, 97, 405749, 145587113840238715468429290403367450476783 ] ],
    [ 187, [ 2, 2, 2, 2, 2, 2, 2, 2, 941, 75611403691759241746631, 2576748830991068967380501 ] ],
    [ 188, [ 2, 2, 2, 2, 2, 2, 2, 2, 2, 3, 13, 230827, 20363137883256968310137821364028790948435087 ] ],
    [ 189, [ 2, 2, 2, 2, 2, 2, 2, 2, 2, 5, 7, 11, 22721, 49629529, 137209422113732161, 6154043422504907117 ] ],
    [ 190, [ 2, 2, 2, 2, 2, 2, 2, 2, 2, 2, 2, 2, 119591, 162997, 248477, 8698536890665781, 2174949693865897723 ] ],
    [ 191, [ 2, 2, 2, 2, 2, 2, 2, 2, 2, 2, 2, 8547471697091, 42877450459276671279092239852720617787 ] ],
    [ 192, [ 2, 2, 2, 2, 2, 2, 2, 2, 2, 2, 2, 2, 2, 2, 13, 107, 1933, 14281, 20231, 7684477, 135240439933, 113474347773069499 ] ],
    [ 193, [ 13, 3559, 11279, 12415863371, 19319379059, 23979402213518331930879853 ] ],
    [ 194, [ 239, 407621, 3297834994123, 18682883459766231139103575430376421 ] ],
    [ 195, [ 2, 3, 46061, 55703013996909194410277, 779723943272468287771073419 ] ],
    [ 196, [ 2, 2, 2, 2, 2, 3, 127, 2003, 6367, 2535973677064032821191, 60875926449836086703509 ] ],
    [ 197, [ 2, 2, 2, 2, 2, 2, 2, 2, 2, 7, 7, 463, 4916185707349457, 840586994561336511404929258087963 ] ],
    [ 198, [ 2, 2, 2, 2, 2, 2, 7, 13, 17, 67, 8329, 2146687, 75556408158113, 10711662870743954509769039 ] ],
    [ 199, [ 2, 2, 2, 2, 2, 2, 2, 41385863063917481, 36236796112298100178054173120703221041 ] ],
    [ 200, [ 2, 2, 2, 2, 2, 2, 2, 2, 2, 5, 5, 11, 11897, 7113437, 32215811293313405132236918320945272390831 ] ]
]
