c:\sys\ut\rpn\rpn.py -l120 -a200 1 200 range 19 k_fibonacci factor -E 1 enumerate -s1
[
    [ 1, [ 0 ] ],
    [ 2, [ 0 ] ],
    [ 3, [ 0 ] ],
    [ 4, [ 0 ] ],
    [ 5, [ 0 ] ],
    [ 6, [ 0 ] ],
    [ 7, [ 0 ] ],
    [ 8, [ 0 ] ],
    [ 9, [ 0 ] ],
    [ 10, [ 0 ] ],
    [ 11, [ 0 ] ],
    [ 12, [ 0 ] ],
    [ 13, [ 0 ] ],
    [ 14, [ 0 ] ],
    [ 15, [ 0 ] ],
    [ 16, [ 0 ] ],
    [ 17, [ 0 ] ],
    [ 18, [ 1 ] ],
    [ 19, [ 1 ] ],
    [ 20, [ 2 ] ],
    [ 21, [ 2, 2 ] ],
    [ 22, [ 2, 2, 2 ] ],
    [ 23, [ 2, 2, 2, 2 ] ],
    [ 24, [ 2, 2, 2, 2, 2 ] ],
    [ 25, [ 2, 2, 2, 2, 2, 2 ] ],
    [ 26, [ 2, 2, 2, 2, 2, 2, 2 ] ],
    [ 27, [ 2, 2, 2, 2, 2, 2, 2, 2 ] ],
    [ 28, [ 2, 2, 2, 2, 2, 2, 2, 2, 2 ] ],
    [ 29, [ 2, 2, 2, 2, 2, 2, 2, 2, 2, 2 ] ],
    [ 30, [ 2, 2, 2, 2, 2, 2, 2, 2, 2, 2, 2 ] ],
    [ 31, [ 2, 2, 2, 2, 2, 2, 2, 2, 2, 2, 2, 2 ] ],
    [ 32, [ 2, 2, 2, 2, 2, 2, 2, 2, 2, 2, 2, 2, 2 ] ],
    [ 33, [ 2, 2, 2, 2, 2, 2, 2, 2, 2, 2, 2, 2, 2, 2 ] ],
    [ 34, [ 2, 2, 2, 2, 2, 2, 2, 2, 2, 2, 2, 2, 2, 2, 2 ] ],
    [ 35, [ 2, 2, 2, 2, 2, 2, 2, 2, 2, 2, 2, 2, 2, 2, 2, 2 ] ],
    [ 36, [ 2, 2, 2, 2, 2, 2, 2, 2, 2, 2, 2, 2, 2, 2, 2, 2, 2 ] ],
    [ 37, [ 2, 2, 2, 2, 2, 2, 2, 2, 2, 2, 2, 2, 2, 2, 2, 2, 2, 2 ] ],
    [ 38, [ 524287 ] ],
    [ 39, [ 1048573 ] ],
    [ 40, [ 2, 2, 2, 3, 3, 3, 7, 19, 73 ] ],
    [ 41, [ 2, 2, 1048571 ] ],
    [ 42, [ 2, 2, 2, 2, 5, 23, 47, 97 ] ],
    [ 43, [ 2, 2, 2, 2, 3, 193, 1811 ] ],
    [ 44, [ 2, 2, 2, 2, 2, 2, 2, 2, 131071 ] ],
    [ 45, [ 2, 2, 2, 2, 2, 2, 13, 79, 1021 ] ],
    [ 46, [ 2, 2, 2, 2, 2, 2, 2, 2, 3, 174761 ] ],
    [ 47, [ 2, 2, 2, 2, 2, 2, 2, 2, 5, 7, 29959 ] ],
    [ 48, [ 2, 2, 2, 2, 2, 2, 2, 2, 2, 2, 2, 11, 23831 ] ],
    [ 49, [ 2, 2, 2, 2, 2, 2, 2, 2, 2, 2, 3, 3, 116507 ] ],
    [ 50, [ 2, 2, 2, 2, 2, 2, 2, 2, 2, 2, 2, 2, 269, 1949 ] ],
    [ 51, [ 2, 2, 2, 2, 2, 2, 2, 2, 2, 2, 2, 2, 911, 1151 ] ],
    [ 52, [ 2, 2, 2, 2, 2, 2, 2, 2, 2, 2, 2, 2, 2, 2, 2, 2, 2, 3, 5, 17, 257 ] ],
    [ 53, [ 2, 2, 2, 2, 2, 2, 2, 2, 2, 2, 2, 2, 2, 2, 1048559 ] ],
    [ 54, [ 2, 2, 2, 2, 2, 2, 2, 2, 2, 2, 2, 2, 2, 2, 2, 2, 7, 74897 ] ],
    [ 55, [ 2, 2, 2, 2, 2, 2, 2, 2, 2, 2, 2, 2, 2, 2, 2, 2, 3, 349519 ] ],
    [ 56, [ 2, 2, 2, 2, 2, 2, 2, 2, 2, 2, 2, 2, 2, 2, 2, 2, 2, 2, 2, 262139 ] ],
    [ 57, [ 2, 2, 2, 2, 2, 2, 2, 2, 2, 2, 2, 2, 2, 2, 2, 2, 2, 2, 5, 43, 4877 ] ],
    [ 58, [ 7, 47, 181, 307, 30071 ] ],
    [ 59, [ 97, 179, 199, 318209 ] ],
    [ 60, [ 2, 17, 233, 1063, 261127 ] ],
    [ 61, [ 2, 2, 2, 5, 7, 13, 23473, 51473 ] ],
    [ 62, [ 2, 2, 2, 2, 2, 5, 19423, 2830367 ] ],
    [ 63, [ 2, 2, 2, 2, 151253, 7269167 ] ],
    [ 64, [ 2, 2, 2, 2, 2, 97, 11334868739 ] ],
    [ 65, [ 2, 2, 2, 2, 2, 2, 2, 2, 7, 47, 835472051 ] ],
    [ 66, [ 2, 2, 2, 2, 2, 2, 2, 2, 5, 5, 17, 4457, 290219 ] ],
    [ 67, [ 2, 2, 2, 2, 2, 2, 2, 2, 5, 219895824397 ] ],
    [ 68, [ 2, 2, 2, 2, 2, 2, 2, 2, 2, 7, 7, 13, 3469, 497557 ] ],
    [ 69, [ 2, 2, 2, 2, 2, 2, 2, 2, 2, 2, 2, 223, 2351, 1048573 ] ],
    [ 70, [ 2, 2, 2, 2, 2, 2, 2, 2, 2, 2, 2, 2, 2, 2, 457, 3559, 84499 ] ],
    [ 71, [ 2, 2, 2, 2, 2, 2, 2, 2, 2, 2, 2, 2, 5, 733, 299993159 ] ],
    [ 72, [ 2, 2, 2, 2, 2, 2, 2, 2, 2, 2, 2, 2, 2, 5, 5, 7, 2011, 3124171 ] ],
    [ 73, [ 2, 2, 2, 2, 2, 2, 2, 2, 2, 2, 2, 2, 2, 2, 2, 2, 2, 67, 2051255281 ] ],
    [ 74, [ 2, 2, 2, 2, 2, 2, 2, 2, 2, 2, 2, 2, 2, 2, 2, 2, 13, 3541, 11942213 ] ],
    [ 75, [ 2, 2, 2, 2, 2, 2, 2, 2, 2, 2, 2, 2, 2, 2, 2, 2, 7, 129197, 1215719 ] ],
    [ 76, [ 2, 2, 2, 2, 2, 2, 2, 2, 2, 2, 2, 2, 2, 2, 2, 2, 2, 5, 219893936989 ] ],
    [ 77, [ 2, 2, 2, 2, 2, 2, 2, 2, 2, 2, 2, 2, 2, 2, 2, 2, 2, 2, 2, 5, 17, 829, 7801523 ] ],
    [ 78, [ 11, 1523, 2441, 14095873079 ] ],
    [ 79, [ 7, 13, 15641, 17909, 45227719 ] ],
    [ 80, [ 2, 2, 2, 2, 2, 3, 3, 3, 3, 5, 177912519507523 ] ],
    [ 81, [ 2, 2, 2, 5, 5, 23057440538466713 ] ],
    [ 82, [ 2, 2, 2, 2, 3, 5, 5573, 620413, 11114489 ] ],
    [ 83, [ 2, 2, 2, 2, 1152869827955654579 ] ],
    [ 84, [ 2, 2, 2, 2, 2, 2, 2, 2, 2, 3, 41, 61, 91771, 104645237 ] ],
    [ 85, [ 2, 2, 2, 2, 2, 2, 2, 2, 5, 57643381449608389 ] ],
    [ 86, [ 2, 2, 2, 2, 2, 2, 2, 2, 5, 7, 41, 2281, 176105065709 ] ],
    [ 87, [ 2, 2, 2, 2, 2, 2, 2, 2, 5, 557, 21283, 19450043279 ] ],
    [ 88, [ 2, 2, 2, 2, 2, 2, 2, 2, 2, 2, 2, 2, 2, 2, 19, 31, 61166401239113 ] ],
    [ 89, [ 2, 2, 2, 2, 2, 2, 2, 2, 2, 2, 2, 3, 11, 11, 563, 26557, 106207151 ] ],
    [ 90, [ 2, 2, 2, 2, 2, 2, 2, 2, 2, 2, 2, 2, 5, 4049, 28472761956083 ] ],
    [ 91, [ 2, 2, 2, 2, 2, 2, 2, 2, 2, 2, 2, 2, 3, 3, 5, 647, 941, 13963, 3013643 ] ],
    [ 92, [ 2, 2, 2, 2, 2, 2, 2, 2, 2, 2, 2, 2, 2, 2, 2, 2, 2, 2, 5, 13, 554259583006247 ] ],
    [ 93, [ 2, 2, 2, 2, 2, 2, 2, 2, 2, 2, 2, 2, 2, 2, 2, 2, 2, 3, 3, 7, 37, 113, 1231, 444434101 ] ],
    [ 94, [ 2, 2, 2, 2, 2, 2, 2, 2, 2, 2, 2, 2, 2, 2, 2, 2, 17, 17, 191, 10442741115857 ] ],
    [ 95, [ 2, 2, 2, 2, 2, 2, 2, 2, 2, 2, 2, 2, 2, 2, 2, 2, 5, 97, 317, 2221, 3376181173 ] ],
    [ 96, [ 2, 2, 2, 2, 2, 2, 2, 2, 2, 2, 2, 2, 2, 2, 2, 2, 2, 2, 2, 2, 2, 5, 149, 96716068353017 ] ],
    [ 97, [ 2, 2, 2, 2, 2, 2, 2, 2, 2, 2, 2, 2, 2, 2, 2, 2, 2, 2, 2, 5, 5, 5, 5, 151, 6107838067811 ] ],
    [ 98, [ 47, 197, 677, 96425350325684231 ] ],
    [ 99, [ 5, 67, 3608516974922015056679 ] ],
    [ 100, [ 2, 5, 5, 17, 1810397, 36039727, 43594219 ] ],
    [ 101, [ 2, 2, 3, 5, 5, 73, 412608829, 535118654561 ] ],
    [ 102, [ 2, 2, 2, 3, 5, 29, 3499, 9059, 1204507, 72786281 ] ],
    [ 103, [ 2, 2, 2, 2, 2, 23059, 26212077174052784537 ] ],
    [ 104, [ 2, 2, 2, 2, 2, 2, 5, 127, 120526223, 7897437920807 ] ],
    [ 105, [ 2, 2, 2, 2, 2, 2, 2, 5, 11, 1847, 7039, 20089, 42076752167 ] ],
    [ 106, [ 2, 2, 2, 2, 2, 2, 2, 2, 2, 5, 13, 4649404294269535922021 ] ],
    [ 107, [ 2, 2, 2, 2, 2, 2, 2, 2, 5, 29, 163, 6419590273, 7967229533 ] ],
    [ 108, [ 2, 2, 2, 2, 2, 2, 2, 2, 2, 1208842810780318752048391 ] ],
    [ 109, [ 2, 2, 2, 2, 2, 2, 2, 2, 2, 2, 5, 5, 2247634097, 21513139697081 ] ],
    [ 110, [ 2, 2, 2, 2, 2, 2, 2, 2, 2, 2, 2, 3, 3, 3, 3, 3, 3, 3, 5, 61, 107, 3722611, 4549764809 ] ],
    [ 111, [ 2, 2, 2, 2, 2, 2, 2, 2, 2, 2, 2, 2, 2, 2, 3, 3, 5, 131, 4173031, 12284943904559 ] ],
    [ 112, [ 2, 2, 2, 2, 2, 2, 2, 2, 2, 2, 2, 2, 2, 2, 2, 5, 20231, 2987588847150391213 ] ],
    [ 113, [ 2, 2, 2, 2, 2, 2, 2, 2, 2, 2, 2, 2, 2, 2, 2, 2, 19, 1093, 655337, 22205947983251 ] ],
    [ 114, [ 2, 2, 2, 2, 2, 2, 2, 2, 2, 2, 2, 2, 2, 2, 2, 2, 5, 3347707333, 36109366004051 ] ],
    [ 115, [ 2, 2, 2, 2, 2, 2, 2, 2, 2, 2, 2, 2, 2, 2, 2, 2, 5, 11719, 144983, 3723947, 38210771 ] ],
    [ 116, [ 2, 2, 2, 2, 2, 2, 2, 2, 2, 2, 2, 2, 2, 2, 2, 2, 2, 5, 11, 43, 401, 1274650148313418777 ] ],
    [ 117, [ 2, 2, 2, 2, 2, 2, 2, 2, 2, 2, 2, 2, 2, 2, 2, 2, 2, 2, 5, 17, 37, 384366434038416565699 ] ],
    [ 118, [ 7, 661, 3547, 38616678795868712131903 ] ],
    [ 119, [ 31, 7183970323499, 5691660221072321 ] ],
    [ 120, [ 2, 2, 2, 3, 6917, 9431, 1619228012589527246351 ] ],
    [ 121, [ 2, 2, 3, 3, 17, 19, 53, 50407439, 163210774727306221 ] ],
    [ 122, [ 2, 2, 2, 2, 2, 3, 223757, 472069639220106373587481 ] ],
    [ 123, [ 2, 2, 2, 2, 2, 118846417079921, 5332703574289139 ] ],
    [ 124, [ 2, 2, 2, 2, 2, 2, 2, 2, 2, 2, 101, 617, 680047201, 934689889069847 ] ],
    [ 125, [ 2, 2, 2, 2, 2, 2, 2, 7, 709, 4231, 30181818837164179861363 ] ],
    [ 126, [ 2, 2, 2, 2, 2, 2, 2, 2, 10487, 1236722051, 48866239804625057 ] ],
    [ 127, [ 2, 2, 2, 2, 2, 2, 2, 2, 11, 389, 6869, 3166949, 13617111805326797 ] ],
    [ 128, [ 2, 2, 2, 2, 2, 2, 2, 2, 2, 2, 2, 157, 227, 449, 283601, 864817, 80741654369 ] ],
    [ 129, [ 2, 2, 2, 2, 2, 2, 2, 2, 2, 2, 3, 71, 197, 12584717, 2400334482267141551 ] ],
    [ 130, [ 2, 2, 2, 2, 2, 2, 2, 2, 2, 2, 2, 2, 2, 2, 3, 29, 31, 47, 163, 491, 15617903869152662257 ] ],
    [ 131, [ 2, 2, 2, 2, 2, 2, 2, 2, 2, 2, 2, 2, 2, 2, 3, 19, 6678143, 832472043343097069753 ] ],
    [ 132, [ 2, 2, 2, 2, 2, 2, 2, 2, 2, 2, 2, 2, 2, 2, 2, 2, 2, 2, 7, 23, 59, 1549, 2692033878939551852011 ] ],
    [ 133, [ 2, 2, 2, 2, 2, 2, 2, 2, 2, 2, 2, 2, 2, 2, 2, 2, 53, 1213, 37293953, 132167388773752627 ] ],
    [ 134, [ 2, 2, 2, 2, 2, 2, 2, 2, 2, 2, 2, 2, 2, 2, 2, 2, 17, 2887, 1458604481, 8853107386593997 ] ],
    [ 135, [ 2, 2, 2, 2, 2, 2, 2, 2, 2, 2, 2, 2, 2, 2, 2, 2, 41, 223, 607, 6211, 3651929087, 10069253773 ] ],
    [ 136, [ 2, 2, 2, 2, 2, 2, 2, 2, 2, 2, 2, 2, 2, 2, 2, 2, 2, 2, 2, 1459, 65958941, 3292829096713113481 ] ],
    [ 137, [ 2, 2, 2, 2, 2, 2, 2, 2, 2, 2, 2, 2, 2, 2, 2, 2, 2, 2, 241514363, 5248253092707799427027 ] ],
    [ 138, [ 8539, 201160748609, 386880624922139686931 ] ],
    [ 139, [ 1823, 6761, 119946179, 899027127866584480649 ] ],
    [ 140, [ 2, 61, 11149, 1954297399953676215237438317401 ] ],
    [ 141, [ 2, 2, 2, 2, 5, 293, 5273, 61231, 702472376355774141218813 ] ],
    [ 142, [ 2, 2, 2, 2, 2, 2, 2, 829, 142354860113, 703896432674193853673 ] ],
    [ 143, [ 2, 2, 2, 2, 2, 664546180898595117675719153291886949 ] ],
    [ 144, [ 2, 2, 2, 2, 2, 2, 5, 139, 157, 6090322569092117379226932561871 ] ],
    [ 145, [ 2, 2, 2, 2, 2, 2, 2, 2, 17, 2707, 15401, 468822281966676688975278377 ] ],
    [ 146, [ 2, 2, 2, 2, 2, 2, 2, 2, 23, 748832743, 2574655261, 14986222477106773 ] ],
    [ 147, [ 2, 2, 2, 2, 2, 2, 2, 2, 2903, 5323, 86010209086053255241877871499 ] ],
    [ 148, [ 2, 2, 2, 2, 2, 2, 2, 2, 2, 97, 607, 212318263, 18921600349, 5618850124903 ] ],
    [ 149, [ 2, 2, 2, 2, 2, 2, 2, 2, 2, 2, 2, 2, 2, 4583, 36250402480635450257427025410763 ] ],
    [ 150, [ 2, 2, 2, 2, 2, 2, 2, 2, 2, 2, 2, 2, 2, 2, 2, 5, 5, 5, 664541744506526874439421673025319 ] ],
    [ 151, [ 2, 2, 2, 2, 2, 2, 2, 2, 2, 2, 2, 2, 2, 2, 17, 271, 653, 175747186553, 628451956298650919 ] ],
    [ 152, [ 2, 2, 2, 2, 2, 2, 2, 2, 2, 2, 2, 2, 2, 2, 2, 19646324171, 16912590650222141586279679 ] ],
    [ 153, [ 2, 2, 2, 2, 2, 2, 2, 2, 2, 2, 2, 2, 2, 2, 2, 2, 2, 5, 5, 827, 23899, 916253612581, 366961148086381 ] ],
    [ 154, [ 2, 2, 2, 2, 2, 2, 2, 2, 2, 2, 2, 2, 2, 2, 2, 2, 29, 41, 61, 3301, 2775641655250245238081567093 ] ],
    [ 155, [ 2, 2, 2, 2, 2, 2, 2, 2, 2, 2, 2, 2, 2, 2, 2, 2, 41, 32416515886496690714811328688122313 ] ],
    [ 156, [ 2, 2, 2, 2, 2, 2, 2, 2, 2, 2, 2, 2, 2, 2, 2, 2, 2, 397, 1279, 5273, 1096957, 452523722849660535739 ] ],
    [ 157, [ 2, 2, 2, 2, 2, 2, 2, 2, 2, 2, 2, 2, 2, 2, 2, 2, 2, 2, 2, 2, 67, 73699, 14114619877, 4767424103462845609 ] ],
    [ 158, [ 21723719, 2219740785541, 14450485172162507527733 ] ],
    [ 159, [ 139, 10026137314049151521453460330526845039859 ] ],
    [ 160, [ 2, 2, 2, 2, 2, 2, 2, 3, 103, 113, 28351, 245411, 2622311, 401024233, 85234205393 ] ],
    [ 161, [ 2, 2, 2, 2, 11, 107, 4787, 618058799, 11560934647, 8654161562374319 ] ],
    [ 162, [ 2, 2, 2, 2, 2, 45279824667941, 7694536747813745438985380549 ] ],
    [ 163, [ 2, 2, 2, 2, 2, 1087, 4729, 5640343, 2511687107, 9568566658048733903 ] ],
    [ 164, [ 2, 2, 2, 2, 2, 2, 2, 2, 2, 137, 487, 138239, 9443789170446132174771971523643 ] ],
    [ 165, [ 2, 2, 2, 2, 2, 2, 2, 2, 3815772569509, 91306877356305943275774062021 ] ],
    [ 166, [ 2, 2, 2, 2, 2, 2, 2, 2, 26141, 777979, 29438609, 1163879977187807547572111 ] ],
    [ 167, [ 2, 2, 2, 2, 2, 2, 2, 2, 73, 379, 32647, 1525781, 1011224500134966827638488139 ] ],
    [ 168, [ 2, 2, 2, 2, 2, 2, 2, 2, 2, 2, 2, 2, 2, 2, 2, 773, 470696317193, 59847284917795320013486207 ] ],
    [ 169, [ 2, 2, 2, 2, 2, 2, 2, 2, 2, 2, 2, 2, 2, 3, 3, 3, 3, 5, 55904657, 2082021116501, 3695440203529199443 ] ],
    [ 170, [ 2, 2, 2, 2, 2, 2, 2, 2, 2, 2, 2, 2, 2, 2, 5, 9829, 16509723351116603, 214701347485558815463 ] ],
    [ 171, [ 2, 2, 2, 2, 2, 2, 2, 2, 2, 2, 2, 2, 2, 2, 37, 68211198943, 138046716032089441411333550743 ] ],
    [ 172, [ 2, 2, 2, 2, 2, 2, 2, 2, 2, 2, 2, 2, 2, 2, 2, 2, 2, 2, 7, 11, 1171, 83689, 125231, 46085599199288234359330771 ] ],
    [ 173, [ 2, 2, 2, 2, 2, 2, 2, 2, 2, 2, 2, 2, 2, 2, 2, 2, 2, 174201809927734544490815816477750660141627 ] ],
    [ 174, [ 2, 2, 2, 2, 2, 2, 2, 2, 2, 2, 2, 2, 2, 2, 2, 2, 7, 1487933, 1802144193853, 37122848010343805299277 ] ],
    [ 175, [ 2, 2, 2, 2, 2, 2, 2, 2, 2, 2, 2, 2, 2, 2, 2, 2, 1393611821266306132277673790213227166641589 ] ],
    [ 176, [ 2, 2, 2, 2, 2, 2, 2, 2, 2, 2, 2, 2, 2, 2, 2, 2, 2, 2, 2, 2, 2, 2, 2, 2, 7, 7229, 11159, 19281015128599673723616621771277 ] ],
    [ 177, [ 2, 2, 2, 2, 2, 2, 2, 2, 2, 2, 2, 2, 2, 2, 2, 2, 2, 2, 2, 2, 2364367, 7455031, 417850046417, 47303819000842451 ] ],
    [ 178, [ 17, 1838230571, 23380919725396459093066726373144157523 ] ],
    [ 179, [ 421, 38629772379427168872133, 89853672676155264660697 ] ],
    [ 180, [ 2, 1461300940924059461301204610749761215184741859409 ] ],
    [ 181, [ 2, 2, 13, 3389, 956177, 3108492093869, 11159282412033255446179657 ] ],
    [ 182, [ 2, 2, 2, 1461298153664531631389076958033608043207145292601 ] ],
    [ 183, [ 2, 2, 2, 2, 11, 19, 887155031603, 929591527619, 8478137550878809810951 ] ],
    [ 184, [ 2, 2, 2, 2, 2, 5, 1425899, 1122202305560507, 182645123694498805764920747 ] ],
    [ 185, [ 2, 2, 2, 2, 2, 2, 7, 36739, 136979525689, 41481701678102359013775130383767 ] ],
    [ 186, [ 2, 2, 2, 2, 2, 2, 2, 1423, 3517, 4219, 86837, 5110359017, 155953153935207271638397 ] ],
    [ 187, [ 2, 2, 2, 2, 2, 2, 2, 2, 2, 29, 179, 4549, 62828263, 129739300697051, 3795886319216481029 ] ],
    [ 188, [ 2, 2, 2, 2, 2, 2, 2, 2, 2, 2, 53, 2879, 32213, 1379867, 107725971477220872668010672080591 ] ],
    [ 189, [ 2, 2, 2, 2, 2, 2, 2, 2, 2, 2, 2, 353, 3756255912419905403107, 551031038241900514485997 ] ],
    [ 190, [ 2, 2, 2, 2, 2, 2, 2, 2, 2, 2, 2, 2, 1091, 284101489153, 2357258800062808852335191366426129 ] ],
    [ 191, [ 2, 2, 2, 2, 2, 2, 2, 2, 2, 2, 2, 2, 2, 23, 15910987, 1996549836999900053056809680586159947341 ] ],
    [ 192, [ 2, 2, 2, 2, 2, 2, 2, 2, 2, 2, 2, 2, 2, 2, 35381952911231, 20650135128391888248142200259504343 ] ],
    [ 193, [ 2, 2, 2, 2, 2, 2, 2, 2, 2, 2, 2, 2, 2, 2, 2, 5, 5, 43, 53, 1844123, 992818591, 12816652100921, 546494214754447 ] ],
    [ 194, [ 2, 2, 2, 2, 2, 2, 2, 2, 2, 2, 2, 2, 2, 2, 2, 2, 2, 11, 13, 117889, 21670281494186869860984048071865303975691 ] ],
    [ 195, [ 2, 2, 2, 2, 2, 2, 2, 2, 2, 2, 2, 2, 2, 2, 2, 2, 17, 1475899410169, 58240858841690812138408128908962343 ] ],
    [ 196, [ 2, 2, 2, 2, 2, 2, 2, 2, 2, 2, 2, 2, 2, 2, 2, 2, 2, 762039278647, 315515676852848203, 6077636716574149547 ] ],
    [ 197, [ 2, 2, 2, 2, 2, 2, 2, 2, 2, 2, 2, 2, 2, 2, 2, 2, 2, 2, 79, 317, 5527, 220474469, 113103638371, 423371796663404584969 ] ],
    [ 198, [ 71, 37307, 3869326269617, 74751187885063499475372771853316603 ] ],
    [ 199, [ 7, 10181, 2260111776940091, 9512908334813265610723617738812509 ] ],
    [ 200, [ 2, 2, 2, 3, 137, 163, 19007689, 102383881, 2938197401858272152318223299672743 ] ]
]
