c:\sys\ut\rpn\rpn.py -l120 -a200 [ 1 9 dup ] [ 0 8 dup 1 ] 250 linear_recurrence factor -E -s1
[
    [ 0 ],
    [ 0 ],
    [ 0 ],
    [ 0 ],
    [ 0 ],
    [ 0 ],
    [ 0 ],
    [ 0 ],
    [ 1 ],
    [ 1 ],
    [ 2 ],
    [ 2, 2 ],
    [ 2, 2, 2 ],
    [ 2, 2, 2, 2 ],
    [ 2, 2, 2, 2, 2 ],
    [ 2, 2, 2, 2, 2, 2 ],
    [ 2, 2, 2, 2, 2, 2, 2 ],
    [ 2, 2, 2, 2, 2, 2, 2, 2 ],
    [ 7, 73 ],
    [ 1021 ],
    [ 2, 2, 2, 3, 5, 17 ],
    [ 2, 2, 1019 ],
    [ 2, 2, 2, 2, 509 ],
    [ 2, 2, 2, 2, 3, 3, 113 ],
    [ 2, 2, 2, 2, 2, 2, 2, 2, 127 ],
    [ 2, 2, 2, 2, 2, 2, 5, 7, 29 ],
    [ 2, 2, 2, 2, 2, 2, 2, 2, 3, 13, 13 ],
    [ 2, 2, 2, 2, 2, 2, 2, 2, 1013 ],
    [ 3, 5, 34543 ],
    [ 47, 22027 ],
    [ 2, 1034249 ],
    [ 2, 2, 2, 3, 5, 11, 31, 101 ],
    [ 2, 2, 2, 2, 2, 211, 1223 ],
    [ 2, 2, 2, 2, 5, 11, 18749 ],
    [ 2, 2, 2, 2, 2, 3, 343393 ],
    [ 2, 2, 2, 2, 2, 2, 2, 2, 457, 563 ],
    [ 2, 2, 2, 2, 2, 2, 2, 2, 5, 5, 20563 ],
    [ 2, 2, 2, 2, 2, 2, 2, 2, 3, 342379 ],
    [ 3, 3, 58375111 ],
    [ 1051, 998779 ],
    [ 2, 2, 2, 2, 2, 5, 13108531 ],
    [ 2, 2, 2, 5, 5, 5, 509, 8233 ],
    [ 2, 2, 2, 2, 3, 3, 3, 3, 3, 89, 24197 ],
    [ 2, 2, 2, 2, 761, 887, 1549 ],
    [ 2, 2, 2, 2, 2, 2, 2, 2, 2, 31, 83, 25373 ],
    [ 2, 2, 2, 2, 2, 2, 2, 2, 5, 5, 5, 659, 3167 ],
    [ 2, 2, 2, 2, 2, 2, 2, 2, 3, 3, 3, 3, 5, 5, 257407 ],
    [ 2, 2, 2, 2, 2, 2, 2, 2, 3, 103, 3370457 ],
    [ 3, 42337, 4194187 ],
    [ 5, 212873210677 ],
    [ 2, 3, 3, 5, 72763, 324743 ],
    [ 2, 2, 5, 17, 67, 1013, 184133 ],
    [ 2, 2, 2, 13, 439, 1091, 170441 ],
    [ 2, 2, 2, 2, 2, 3, 3, 11, 97, 55200329 ],
    [ 2, 2, 2, 2, 2, 2, 5, 293, 361478827 ],
    [ 2, 2, 2, 2, 2, 2, 2, 3, 5, 31, 349, 3259973 ],
    [ 2, 2, 2, 2, 2, 2, 2, 2, 2, 3, 5, 17617448971 ],
    [ 2, 2, 2, 2, 2, 2, 2, 2, 3, 3, 631, 6961, 26713 ],
    [ 3, 11, 19, 170081, 5065061 ],
    [ 28669, 37644138841 ],
    [ 2, 2, 2, 66161, 4073988071 ],
    [ 2, 2, 3, 3, 3, 1297, 7727, 3980513 ],
    [ 2, 2, 2, 2, 2, 2087, 296369, 434921 ],
    [ 2, 2, 2, 2, 2, 61, 8811252694399 ],
    [ 2, 2, 2, 2, 2, 2, 2, 2, 2, 2, 3, 1279, 8746365127 ],
    [ 2, 2, 2, 2, 2, 2, 2, 3, 3, 3, 1987, 9998840671 ],
    [ 2, 2, 2, 2, 2, 2, 2, 2, 3, 178633093229783 ],
    [ 2, 2, 2, 2, 2, 2, 2, 2, 3, 113, 55217, 57202177 ],
    [ 3, 3, 5, 17, 233, 3072625013389 ],
    [ 59, 291779, 63565689821 ],
    [ 2, 97, 11270131079459281 ],
    [ 2, 2, 2, 2, 13, 21002415778427119 ],
    [ 2, 2, 2, 2, 2, 2, 2, 23, 59, 353, 289109, 492389 ],
    [ 2, 2, 2, 2, 2, 3, 3, 11, 13, 397, 1066638693311 ],
    [ 2, 2, 2, 2, 2, 2, 3, 5, 47, 3301, 54331, 4306019 ],
    [ 2, 2, 2, 2, 2, 2, 2, 2, 3, 90652320445098961 ],
    [ 2, 2, 2, 2, 2, 2, 2, 2, 3, 3, 67, 901124416900339 ],
    [ 2, 2, 2, 2, 2, 2, 2, 2, 3, 223, 100937, 16077830611 ],
    [ 3, 185107731906390611797 ],
    [ 7, 7, 2357, 30103, 48847, 6533477 ],
    [ 2, 2, 2, 2, 2, 2, 2, 3, 3, 3, 13, 49343790413658721 ],
    [ 2, 2, 2, 2, 13, 73, 623633, 467774130217 ],
    [ 2, 2, 2, 2, 2, 3, 5, 17, 79, 383, 35845723356983 ],
    [ 2, 2, 2, 2, 2, 3, 7, 7, 3759135231394000223 ],
    [ 2, 2, 2, 2, 2, 2, 2, 2, 2, 3, 3, 11, 499, 1396855399345267 ],
    [ 2, 2, 2, 2, 2, 2, 2, 2, 3, 5, 3853, 145133, 32874763391 ],
    [ 2, 2, 2, 2, 2, 2, 2, 2, 3, 13, 653, 6857707, 3154744937 ],
    [ 2, 2, 2, 2, 2, 2, 2, 2, 3, 3, 7, 53699, 325398920594879 ],
    [ 3, 5, 23, 41, 53, 163, 4607849488426367 ],
    [ 37, 30406391020154407859837 ],
    [ 2, 5, 5, 109, 331, 4019, 310045896376717 ],
    [ 2, 2, 3, 131, 32398166327, 88185545779 ],
    [ 2, 2, 2, 3, 3, 154205269, 808240408383469 ],
    [ 2, 2, 2, 2, 3, 61, 2657, 2304684770335405177 ],
    [ 2, 2, 2, 2, 2, 3, 5, 13, 29, 383, 423763, 1219752318637 ],
    [ 2, 2, 2, 2, 2, 2, 3, 3, 5, 5, 11, 23, 37, 45263, 1224953, 9577021 ],
    [ 2, 2, 2, 2, 2, 2, 2, 3, 12141293741, 30674933996303 ],
    [ 2, 2, 2, 2, 2, 2, 2, 2, 2, 3, 186033219302762109241841 ],
    [ 3, 3, 3, 11, 11, 11, 19885568407, 798920891513 ],
    [ 5, 100682279263, 2266013295008471 ],
    [ 2, 2, 2, 5, 7, 1163, 23291, 300511782635704837 ],
    [ 2, 2, 10487, 86249, 1258704973082452817 ],
    [ 2, 2, 2, 2, 7, 19, 67, 313, 171641, 1187898586270397 ],
    [ 2, 2, 2, 2, 5, 257, 2039, 433663348635761017309 ],
    [ 2, 2, 2, 2, 2, 2, 2, 2, 5, 23, 34872230221, 35381595726721 ],
    [ 2, 2, 2, 2, 2, 2, 5, 17, 23, 43, 13489679861445324575053 ],
    [ 2, 2, 2, 2, 2, 2, 2, 2, 2, 11, 11, 41, 31714436597, 1800124469357 ],
    [ 2, 2, 2, 2, 2, 2, 2, 2, 2, 5, 13, 2203, 47101008601, 83902053797 ],
    [ 3851, 2834983, 7316017, 7247760265013 ],
    [ 2293, 340140083, 889880987, 1666520257 ],
    [ 2, 31, 3623, 5125693, 30787529, 65195682221 ],
    [ 2, 2, 2, 3, 3, 5, 17299, 34405499, 21550473248680049 ],
    [ 2, 2, 2, 2, 2, 5000888317627, 57651807482480311 ],
    [ 2, 2, 2, 2, 83, 3140237, 28781820923, 153579476641 ],
    [ 2, 2, 2, 2, 2, 3, 67, 186647, 30679395031478896075739 ],
    [ 2, 2, 2, 2, 2, 2, 2, 2, 2, 29, 73, 109, 2272559, 274083724099044443 ],
    [ 2, 2, 2, 2, 2, 2, 2, 2, 2, 23, 131, 4068301, 246064523, 95210851147 ],
    [ 2, 2, 2, 2, 2, 2, 2, 2, 2, 3, 11, 3701037232933, 4697990724051719 ],
    [ 449, 401516891, 3255901356935258928749 ],
    [ 3, 7, 11, 17, 24809, 12037966457534260397165927 ],
    [ 2, 2, 2, 2, 2, 5, 530177, 30664834327, 900831761683309 ],
    [ 2, 2, 2, 5, 71, 509, 582031, 5564739383292496810483 ],
    [ 2, 2, 2, 2, 3, 7, 107, 2657, 2493529, 39273528800091859151 ],
    [ 2, 2, 2, 2, 41, 12511, 16094135996863, 141503544147533 ],
    [ 2, 2, 2, 2, 2, 2, 2, 2, 2, 2, 110672224469, 329529380267643695287 ],
    [ 2, 2, 2, 2, 2, 2, 2, 2, 2, 3, 80621, 131630122849, 4577622172309873 ],
    [ 2, 2, 2, 2, 2, 2, 2, 2, 2, 11, 19, 179, 11171, 696747127345814385582029 ],
    [ 2, 2, 2, 2, 2, 2, 2, 2, 2, 11, 4001, 1071642863, 12335510657839557499 ],
    [ 3, 198389663705719961305062744916863659 ],
    [ 3, 3, 3, 3, 13, 1467314430386173, 769645307349843697 ],
    [ 2, 2636280400079, 450632467367150386371847 ],
    [ 2, 2, 821, 1789, 48907, 104033, 158814565157599377337 ],
    [ 2, 2, 2, 37, 43, 79, 149521, 63089691478173606925516969 ],
    [ 2, 2, 2, 2, 2, 2, 3, 307, 321521589316999730145808252470823 ],
    [ 2, 2, 2, 2, 2, 2, 2, 7, 11, 5749, 83562651119, 7997355840817739657 ],
    [ 2, 2, 2, 2, 2, 2, 2, 2, 241, 677, 5437, 35107, 9489750505514019975139 ],
    [ 2, 2, 2, 2, 2, 2, 2, 2, 2, 2, 2, 17, 53, 864426166193789, 94770411255381893 ],
    [ 2, 2, 2, 2, 2, 2, 2, 2, 2, 3, 3, 7, 37, 277, 913619370984454078966439637607 ],
    [ 3, 17, 129859351, 91120435796023861959448003139 ],
    [ 3, 5, 80384038777164133671019665145180107979 ],
    [ 2, 2, 2, 1012079, 13741089809, 21653963125593936212113 ],
    [ 2, 2, 3, 3, 13, 47, 218837200411537410197859256762340171 ],
    [ 2, 2, 2, 2, 2, 2, 577, 3943, 6709, 9845241977810685245404276129 ],
    [ 2, 2, 2, 2, 2, 2, 1945483, 301147473786023, 512485995269399251 ],
    [ 2, 2, 2, 2, 2, 2, 2, 2, 2, 2, 2, 2, 3, 5, 5, 101, 14303, 270758176159, 319535582091428749 ],
    [ 2, 2, 2, 2, 2, 2, 2, 2, 19, 88103713, 179013029356190094878491947469 ],
    [ 2, 2, 2, 2, 2, 2, 2, 2, 2, 3, 5, 783342647, 25477764453494483454596571227 ],
    [ 2, 2, 2, 2, 2, 2, 2, 2, 2, 3, 121280977, 1643963975346530706338653228231 ],
    [ 3, 3, 5, 5, 11, 11, 151, 44199193, 3367587687337839809387246167 ],
    [ 3, 5, 19, 29, 41, 47, 1098037, 1374601, 2512980229, 20238238233331 ],
    [ 2, 7, 7, 367, 389, 77334408214328963, 2257705859514459953 ],
    [ 2, 2, 2, 2, 2, 17, 3387157, 2648802212634798157542172585636607 ],
    [ 2, 2, 2, 2, 2, 2, 2, 2, 2, 3, 3, 271, 3757711, 357142343, 1902751057, 3058138811291 ],
    [ 2, 2, 2, 2, 2, 2, 5, 17, 107, 33473787858660843213465208513284973247 ],
    [ 2, 2, 2, 2, 2, 2, 2, 5, 41, 1483629963403383576822117509607150079933 ],
    [ 2, 2, 2, 2, 2, 2, 2, 2, 2, 3, 17, 535658793487, 5561128626652411994993400053 ],
    [ 2, 2, 2, 2, 2, 2, 2, 2, 2, 3, 3, 3, 11242411580271203018575408802566472441581 ],
    [ 2, 2, 2, 2, 2, 2, 2, 2, 2, 3, 7, 23, 6089, 206220592156101495698619653697699899 ],
    [ 3, 206811997976944316077626026689832765756633429 ],
    [ 3, 3, 3, 7, 13, 31, 73, 524215369, 5178040753, 82136075941035490007 ],
    [ 2, 2, 2, 2, 2, 2, 2, 2, 2, 7, 127, 4773745704197, 1139907895435741582363880267 ],
    [ 2, 2, 2, 2, 2, 1231, 176792089, 97665337987849, 7275977338732168459 ],
    [ 2, 2, 2, 2, 2, 2, 154498607530689756653441143918736486898931357 ],
    [ 2, 2, 2, 2, 2, 2, 6613381638542052005743, 46676993379873601520143 ],
    [ 2, 2, 2, 2, 2, 2, 2, 2, 2, 2, 3, 3, 19, 31, 6781, 365664353, 2932744254303758038831607461 ],
    [ 2, 2, 2, 2, 2, 2, 2, 2, 2, 3, 7, 11, 593, 12315668821, 400777763383, 227830550272709399 ],
    [ 2, 2, 2, 2, 2, 2, 2, 2, 2, 3, 5, 5, 61, 197, 386891, 882665576012897164855398227835343 ],
    [ 2, 2, 2, 2, 2, 2, 2, 2, 2, 3, 3, 68328442485633168103040684249059009286278093 ],
    [ 3, 250398665551, 550965899678309, 1519980079400670090113 ],
    [ 3, 377535184130309, 1109785598219633711051045344721359 ],
    [ 2, 17, 29, 7728367, 363661849, 906269294341750513397985034883 ],
    [ 2, 2, 3, 5, 5, 59, 2393, 101383, 537739, 226716631, 9584854675296881242699 ],
    [ 2, 2, 2, 7, 17, 14680667, 224311353691, 1320212525531, 2422398554604893 ],
    [ 2, 2, 2, 2, 3, 11, 107, 449, 479, 1648639780635783765480866638736915998873 ],
    [ 2, 2, 2, 2, 2, 3, 416923126733578908249951170464400839045818441679 ],
    [ 2, 2, 2, 2, 2, 2, 3, 3, 3, 1091, 7013, 581137279, 9106740001, 1142918093265057207551 ],
    [ 2, 2, 2, 2, 2, 2, 2, 3, 5363705387, 77577335446001980286266104460496401849 ],
    [ 2, 2, 2, 2, 2, 2, 2, 2, 3, 5, 16974589, 116388047, 42081771638213330446047908333147 ],
    [ 3, 3, 13, 5451912988365887277636846375550213904538694129187 ],
    [ 3, 5, 2962033, 22694171, 33722159, 32526486203, 1152361317349672021 ],
    [ 2, 2, 2, 31, 2797, 2366671, 1551159727068808386897480779312255833051 ],
    [ 2, 2, 41, 83, 173, 14363558131428013, 150421656388975751872136019329 ],
    [ 2, 2, 2, 2, 3, 337, 457, 888488848579771, 1547757854284409779501429837841 ],
    [ 2, 2, 2, 2, 3, 3, 3, 19, 2474610652455104981290778489476845620533016644517 ],
    [ 2, 2, 2, 2, 2, 2, 2, 2, 3, 7, 13, 13, 23432306903480921, 1906273032092803303711290847787 ],
    [ 2, 2, 2, 2, 2, 2, 3, 5, 11, 211, 211, 383, 1823813, 218702587, 1128979809405617320356062951 ],
    [ 2, 2, 2, 2, 2, 2, 2, 2, 3, 3, 3, 433, 2927, 152572565833, 3745786924279, 32360559915461975647 ],
    [ 2, 2, 2, 2, 2, 2, 2, 2, 3, 107, 139, 881471, 32150220634104777887420908862815335266959 ],
    [ 3, 283, 268336458419, 2839005933922842075885685177722044659723 ],
    [ 3, 3, 3, 1360940822100359, 35168395788772631873384625736358259977 ],
    [ 2, 11, 61, 167, 227, 55950573061, 358446877126511, 2530656902406685209617 ],
    [ 2, 2, 2, 5, 53, 47003981503, 51771271972121704551012760286552658846149 ],
    [ 2, 2, 2, 2, 2, 491, 683, 739286575889, 1299260508745301908967371422945223637 ],
    [ 2, 2, 2, 2, 5, 106531, 222557, 10858150900826930180784958494274908757149397 ],
    [ 2, 2, 2, 2, 2, 30071, 1060253, 7483222694150198927, 5389754493571559979987611 ],
    [ 2, 2, 2, 2, 2, 2, 2, 2, 2141, 8429, 229760208152703253, 77456772920546219962332589537 ],
    [ 2, 2, 2, 2, 2, 2, 2, 2, 5, 104369, 1229666379623052831139722478529314585797225457169 ],
    [ 2, 2, 2, 2, 2, 2, 2, 2, 370009, 3595363, 15546311477033527, 61993808593449241229678491 ],
    [ 5, 30169, 60490081721, 71871627571005462605558555427374962921667 ],
    [ 7, 1567, 11113, 71556978346597021, 150218740369394522981605268713837 ],
    [ 2, 2, 2, 2, 2, 2683, 13297, 14323, 14178317, 11292584679189220040195637932936947891 ],
    [ 2, 2, 2, 467, 2181731, 93377807407, 686565831765293, 10010235873114278023759 ],
    [ 2, 2, 2, 2, 3, 5, 313602860964483121, 138863744248353886993678666495783359989 ],
    [ 2, 2, 2, 2, 5, 5, 7, 16018790713, 410169049063, 2069372603500379, 548520267203673829 ],
    [ 2, 2, 2, 2, 2, 2, 2, 2, 2, 2775248656324703387, 29363785719007376674357705433573380517 ],
    [ 2, 2, 2, 2, 2, 2, 2, 2, 3, 58038585767, 510555170773, 3663237509166225630879680456168519 ],
    [ 2, 2, 2, 2, 2, 2, 2, 2, 47, 109, 821, 154696400704229884318397766059373534609888115705543 ],
    [ 2, 2, 2, 2, 2, 2, 2, 2, 191, 74731, 25063087402709944591021, 3633966188458675569305595059 ],
    [ 3, 3, 3, 3, 3, 7, 163, 1427, 295149381138541142018461, 5694212870933030158410103033 ],
    [ 7, 47, 293949248701369, 6623422085217079, 2074161993365392979357861983 ],
    [ 2, 3, 3, 17, 17, 41328884647, 12347277621521118900624204607218277461355184263 ],
    [ 2, 2, 5, 5, 79, 15329, 3460789, 926123279176355437, 13665083745880604457355085593 ],
    [ 2, 2, 2, 5, 200320620043, 179884268439371, 7352248778118431375784615500920877 ],
    [ 2, 2, 2, 2, 2, 3, 3, 5, 11, 1221373, 30555752874523, 294770707341276797, 121512263258618249309 ],
    [ 2, 2, 2, 2, 2, 2, 13, 37, 19064832199556081, 51419137121524865179, 1401909512716398801107 ],
    [ 2, 2, 2, 2, 2, 2, 2, 19, 19, 3937657237, 370931542931, 1252436879270617307842498017183779477 ],
    [ 2, 2, 2, 2, 2, 2, 2, 2, 2, 3, 3, 5, 17, 431196460917217363382176564081879405142160790862479600273 ],
    [ 2, 2, 2, 2, 2, 2, 2, 2, 7, 33323583335042053976960153, 5650914970923589868861372932882591 ],
    [ 7, 2100088063377644945467, 45864304973060946759257712443824973675851 ],
    [ 3, 3, 7, 131, 1753, 2276029476319906733, 40911048427739224614029612659089915973 ],
    [ 2, 2, 2, 3, 3, 3, 5, 137, 36551, 112135244537, 11925398349890677, 372182138548101778462071931 ],
    [ 2, 2, 5, 491, 8293, 154779181, 866844023, 2394894413022575257, 205519485793119019013 ],
    [ 2, 2, 2, 2, 2, 5, 353, 107749004844421639, 1765671738898069555595577690242135967396311 ],
    [ 2, 2, 2, 2, 2, 5, 821, 221197, 97222298740285451, 7599964323291591471083811576651690743 ],
    [ 2, 2, 2, 2, 2, 2, 2, 2, 2, 2, 3, 71, 466567, 190542549229, 5296788852631777, 417660583147826778923458069 ],
    [ 2, 2, 2, 2, 2, 2, 2, 41, 12682014517, 1287779532144601005900931037860217780757166949190529 ],
    [ 2, 2, 2, 2, 2, 2, 2, 2, 19, 71, 101, 3821, 8122061, 259062679, 14259511460966113, 42825200793527595000821 ],
    [ 2, 2, 2, 2, 2, 2, 2, 2, 5, 24473, 26783, 53539666753289, 7617199056602432034216466635848501728367 ],
    [ 3, 3, 3, 42443, 8806043, 12120293, 5589403997211186455636651207671438459377164159 ],
    [ 3, 3, 13, 16253, 347951, 793669, 2717320832491, 3563175595369063, 268643354627474309123 ],
    [ 2, 3, 3, 56959614426666900544717451142167, 2661910766426075548293074268193567 ],
    [ 2, 2, 2, 2, 17, 101, 9787, 523847, 566362510936201370323, 68359063217048714353087930782211 ],
    [ 2, 2, 2, 2, 2, 2, 2, 3, 3, 11, 11, 1594631101378657, 51746697483491073276841, 947231430957750440332757 ],
    [ 2, 2, 2, 2, 2, 19, 191, 51865301, 32843863604857, 110045076968353940980277756622048594676751 ],
    [ 2, 2, 2, 2, 2, 2, 11, 13, 1277835529, 3719200800748113429520241649302820272808489661225379473 ],
    [ 2, 2, 2, 2, 2, 2, 2, 2, 3, 43, 173917, 47332337929, 4054773643994119, 78839925359248409855181780956063 ],
    [ 2, 2, 2, 2, 2, 2, 2, 2, 5, 47, 47, 151, 22799467, 81588234840640880270761, 218629877839815989724335751023 ],
    [ 2, 2, 2, 2, 2, 2, 2, 2, 3, 3, 5, 7, 41, 709, 3762767, 13415618449, 269448101879148266561, 10881092492239118866841 ],
    [ 3, 3, 61500224960330864957, 1252359290703219566064010912350279556473386492243 ],
    [ 3, 3, 3, 17, 3017431083791025325301376096682050181476719930003977811437784736083 ],
    [ 2, 2, 2, 2, 2, 2, 2, 3, 3, 197, 3932993, 3100345231519876191789087710467518147663504364544361510451 ],
    [ 2, 2, 2, 2, 5, 1315262928294712805170759, 52547403139439418861221864612139202588733213 ],
    [ 2, 2, 2, 2, 2, 19, 47, 8447, 435179, 105168057659684953646462882491927035238249373276549929859 ],
    [ 2, 2, 2, 2, 2, 3, 3, 19, 41, 2633, 37366016342556752032856544362460117454465955073186157155106093 ],
    [ 2, 2, 2, 2, 2, 2, 2, 2, 2, 89, 201073802586447084933448261927, 4813312234807196915975473062927082147 ],
    [ 2, 2, 2, 2, 2, 2, 2, 2, 5, 7, 507589151858857, 19374970134161873780235103254777909136837477724545429 ],
    [ 2, 2, 2, 2, 2, 2, 2, 2, 3, 3, 5, 23, 149249473264048393, 221466720161347189, 20103037218665567526924322715497 ],
    [ 2, 2, 2, 2, 2, 2, 2, 2, 3, 3, 3, 3, 5, 5, 2543, 672667, 1262819, 249161034419456904863777, 1260760095062584080395042771 ],
    [ 3, 3, 7, 61029072773, 1162334768605464298189734047, 157274568402033584481214386253997 ],
    [ 3, 3, 5, 11, 401, 11488769, 38127503, 16151300929376660252556200420657759297046931316009249 ]
]
