c:\sys\ut\rpn\rpn.py -l120 -a200 1 200 range 11 k_fibonacci factor -E 1 enumerate -s1
[
    [ 1, [ 0 ] ],
    [ 2, [ 0 ] ],
    [ 3, [ 0 ] ],
    [ 4, [ 0 ] ],
    [ 5, [ 0 ] ],
    [ 6, [ 0 ] ],
    [ 7, [ 0 ] ],
    [ 8, [ 0 ] ],
    [ 9, [ 0 ] ],
    [ 10, [ 1 ] ],
    [ 11, [ 1 ] ],
    [ 12, [ 2 ] ],
    [ 13, [ 2, 2 ] ],
    [ 14, [ 2, 2, 2 ] ],
    [ 15, [ 2, 2, 2, 2 ] ],
    [ 16, [ 2, 2, 2, 2, 2 ] ],
    [ 17, [ 2, 2, 2, 2, 2, 2 ] ],
    [ 18, [ 2, 2, 2, 2, 2, 2, 2 ] ],
    [ 19, [ 2, 2, 2, 2, 2, 2, 2, 2 ] ],
    [ 20, [ 2, 2, 2, 2, 2, 2, 2, 2, 2 ] ],
    [ 21, [ 2, 2, 2, 2, 2, 2, 2, 2, 2, 2 ] ],
    [ 22, [ 23, 89 ] ],
    [ 23, [ 4093 ] ],
    [ 24, [ 2, 2, 2, 3, 11, 31 ] ],
    [ 25, [ 2, 2, 4091 ] ],
    [ 26, [ 2, 2, 2, 2, 5, 409 ] ],
    [ 27, [ 2, 2, 2, 2, 3, 29, 47 ] ],
    [ 28, [ 2, 2, 2, 2, 2, 2, 2, 2, 7, 73 ] ],
    [ 29, [ 2, 2, 2, 2, 2, 2, 61, 67 ] ],
    [ 30, [ 2, 2, 2, 2, 2, 2, 2, 2, 3, 3, 227 ] ],
    [ 31, [ 2, 2, 2, 2, 2, 2, 2, 2, 5, 19, 43 ] ],
    [ 32, [ 2, 2, 2, 2, 2, 2, 2, 2, 2, 2, 2, 1021 ] ],
    [ 33, [ 2, 2, 2, 2, 2, 2, 2, 2, 2, 2, 3, 1361 ] ],
    [ 34, [ 17, 47, 10463 ] ],
    [ 35, [ 3, 3, 3, 137, 4519 ] ],
    [ 36, [ 2, 3, 881, 6323 ] ],
    [ 37, [ 2, 2, 2, 1093, 7643 ] ],
    [ 38, [ 2, 2, 2, 2, 2, 3, 19, 61, 1201 ] ],
    [ 39, [ 2, 2, 2, 2, 3, 3, 3, 11, 59, 953 ] ],
    [ 40, [ 2, 2, 2, 2, 2, 1559, 10709 ] ],
    [ 41, [ 2, 2, 2, 2, 2, 2, 2, 2, 3, 1390937 ] ],
    [ 42, [ 2, 2, 2, 2, 2, 2, 2, 2, 3, 2781193 ] ],
    [ 43, [ 2, 2, 2, 2, 2, 2, 2, 2, 11, 23, 23, 47, 61 ] ],
    [ 44, [ 2, 2, 2, 2, 2, 2, 2, 2, 2, 3, 3, 17, 109013 ] ],
    [ 45, [ 2, 2, 2, 2, 2, 2, 2, 2, 2, 2, 2, 3, 2779151 ] ],
    [ 46, [ 7, 7, 31, 22476529 ] ],
    [ 47, [ 71, 103, 911, 10247 ] ],
    [ 48, [ 2, 2, 2, 2, 2, 137, 31136071 ] ],
    [ 49, [ 2, 2, 2, 34116780017 ] ],
    [ 50, [ 2, 2, 2, 2, 7, 13, 89, 199, 21163 ] ],
    [ 51, [ 2, 2, 2, 2, 19, 2179, 1647307 ] ],
    [ 52, [ 2, 2, 2, 2, 2, 2, 2, 2, 2, 3, 19079, 74453 ] ],
    [ 53, [ 2, 2, 2, 2, 2, 2, 2, 2, 3, 7, 281, 2887933 ] ],
    [ 54, [ 2, 2, 2, 2, 2, 2, 2, 2, 3, 3, 3, 3, 3, 140226509 ] ],
    [ 55, [ 2, 2, 2, 2, 2, 2, 2, 2, 811, 3739, 22469 ] ],
    [ 56, [ 2, 2, 2, 2, 2, 2, 2, 2, 2, 2, 2, 2, 2, 2, 2128647541 ] ],
    [ 57, [ 2, 2, 2, 2, 2, 2, 2, 2, 2, 2, 2, 7, 4864289029 ] ],
    [ 58, [ 3, 7, 29, 16993, 13473601 ] ],
    [ 59, [ 278801239404553 ] ],
    [ 60, [ 2, 11, 10177, 2489865643 ] ],
    [ 61, [ 2, 2, 277, 443, 2270902817 ] ],
    [ 62, [ 2, 2, 2, 3, 3, 17, 11317, 160898861 ] ],
    [ 63, [ 2, 2, 2, 2, 2, 13, 37, 132547, 2184361 ] ],
    [ 64, [ 2, 2, 2, 2, 2, 2, 7, 141769, 140298733 ] ],
    [ 65, [ 2, 2, 2, 2, 2, 2, 2, 7, 233, 281653, 303011 ] ],
    [ 66, [ 2, 2, 2, 2, 2, 2, 2, 2, 2, 13, 5352381504761 ] ],
    [ 67, [ 2, 2, 2, 2, 2, 2, 2, 2, 3, 92751901615757 ] ],
    [ 68, [ 2, 2, 2, 2, 2, 2, 2, 2, 2, 8053, 162007, 213229 ] ],
    [ 69, [ 2, 2, 2, 2, 2, 2, 2, 2, 2, 2, 29, 31, 37, 59, 263, 569, 947 ] ],
    [ 70, [ 13, 19, 29, 79498712387789 ] ],
    [ 71, [ 11, 67, 911, 670099, 2530777 ] ],
    [ 72, [ 2, 2, 2, 5, 11, 61, 84824219034197 ] ],
    [ 73, [ 2, 2, 23, 9083453, 5447374687 ] ],
    [ 74, [ 2, 2, 2, 2, 2, 43, 6615021849678061 ] ],
    [ 75, [ 2, 2, 2, 2, 2, 829, 686070705552511 ] ],
    [ 76, [ 2, 2, 2, 2, 2, 2, 2, 2, 2, 2, 3, 5, 1608017, 1473381461 ] ],
    [ 77, [ 2, 2, 2, 2, 2, 2, 2, 23, 67, 283, 143567, 9079607 ] ],
    [ 78, [ 2, 2, 2, 2, 2, 2, 2, 2, 71069, 7996947008009 ] ],
    [ 79, [ 2, 2, 2, 2, 2, 2, 2, 2, 13, 23, 41, 92698572323969 ] ],
    [ 80, [ 2, 2, 2, 2, 2, 2, 2, 2, 2, 2, 2, 29, 37, 47, 463, 479, 25394969 ] ],
    [ 81, [ 2, 2, 2, 2, 2, 2, 2, 2, 2, 2, 29, 37, 1058560569471883 ] ],
    [ 82, [ 3, 5, 5, 29, 929, 23311867, 49372717 ] ],
    [ 83, [ 7, 7, 13, 31, 1747, 134793421064021 ] ],
    [ 84, [ 2, 3, 23, 3011, 22376726457038911 ] ],
    [ 85, [ 2, 2, 2, 2, 11, 11, 23, 53, 7877728407706601 ] ],
    [ 86, [ 2, 2, 2, 2, 2, 2, 2, 283, 131213, 7820967120011 ] ],
    [ 87, [ 2, 2, 2, 2, 2, 10582931, 219483286843943 ] ],
    [ 88, [ 2, 2, 2, 2, 2, 2, 211, 331, 479, 69415287941627 ] ],
    [ 89, [ 2, 2, 2, 2, 2, 2, 2, 2, 19, 53987, 1131675653275691 ] ],
    [ 90, [ 2, 2, 2, 2, 2, 2, 2, 2, 5, 5, 7, 1873459937, 7079555279 ] ],
    [ 91, [ 2, 2, 2, 2, 2, 2, 2, 2, 3, 17, 43, 73, 409709, 70757928179 ] ],
    [ 92, [ 2, 2, 2, 2, 2, 2, 2, 2, 2, 13, 1730188553, 206285636503 ] ],
    [ 93, [ 2, 2, 2, 2, 2, 2, 2, 2, 2, 2, 2, 2, 2, 3, 193280573939353367567 ] ],
    [ 94, [ 3, 3165933716210238938535253 ] ],
    [ 95, [ 269, 486527, 145106716150403083 ] ],
    [ 96, [ 2, 2, 2, 2, 2, 2, 2, 5, 14087685889, 4211635470131 ] ],
    [ 97, [ 2, 2, 2, 2, 12973, 16553, 172219, 128314547611 ] ],
    [ 98, [ 2, 2, 2, 2, 2, 5, 7, 11, 23, 535770996826113210479 ] ],
    [ 99, [ 2, 2, 2, 2, 2, 17, 401, 3217, 432560718981411613 ] ],
    [ 100, [ 2, 2, 2, 2, 2, 2, 2, 2, 2, 3, 41, 83, 263, 271, 419, 1033, 3764198617 ] ],
    [ 101, [ 2, 2, 2, 2, 2, 2, 2, 2, 4740768865025227735124729 ] ],
    [ 102, [ 2, 2, 2, 2, 2, 2, 2, 2, 3, 47, 191, 1365977, 257677550231459 ] ],
    [ 103, [ 2, 2, 2, 2, 2, 2, 2, 2, 3, 3, 97, 21711102304996358201419 ] ],
    [ 104, [ 2, 2, 2, 2, 2, 2, 2, 2, 2, 2, 2, 2, 2, 2, 2, 5, 37, 197, 25799, 314897337444761 ] ],
    [ 105, [ 2, 2, 2, 2, 2, 2, 2, 2, 2, 2, 2, 2, 2, 13, 19, 2131, 4498969736527974527 ] ],
    [ 106, [ 149, 281, 12517, 1923752279, 38473801351 ] ],
    [ 107, [ 3, 5, 7, 2039, 383706706771, 944114872069 ] ],
    [ 108, [ 2, 5, 5, 47, 241, 273822743158276725095623 ] ],
    [ 109, [ 2, 2, 3, 13, 23, 375481, 29673043, 7756675147591 ] ],
    [ 110, [ 2, 2, 2, 23, 1291, 2610103277868163671370477 ] ],
    [ 111, [ 2, 2, 2, 2, 3, 3, 13, 349, 184158014897, 10303944928847 ] ],
    [ 112, [ 2, 2, 2, 2, 2, 3, 72108580183, 358088946563895011 ] ],
    [ 113, [ 2, 2, 2, 2, 2, 2, 17, 19, 4249274202461, 56425511893741 ] ],
    [ 114, [ 2, 2, 2, 2, 2, 2, 2, 28142006107, 2751258554371821451 ] ],
    [ 115, [ 2, 2, 2, 2, 2, 2, 2, 2, 2, 5, 17415653, 444467866044158832299 ] ],
    [ 116, [ 2, 2, 2, 2, 2, 2, 2, 2, 2, 2, 3, 3, 5, 5, 5, 17, 3671, 86357, 245299, 26017445567 ] ],
    [ 117, [ 2, 2, 2, 2, 2, 2, 2, 2, 2, 2, 2, 79, 60901, 1368499157, 5875453996673 ] ],
    [ 118, [ 175555352569, 902354158848787723703 ] ],
    [ 119, [ 29, 168049733, 5098250747, 12748460750471 ] ],
    [ 120, [ 2, 2, 2, 79167776625178450916535510583271 ] ],
    [ 121, [ 2, 2, 31, 631, 2449999, 6606100121107280848937 ] ],
    [ 122, [ 2, 2, 2, 2, 3, 19, 3679757, 2338291457, 322680818131687 ] ],
    [ 123, [ 2, 2, 2, 2, 3, 5, 101, 12979, 16249, 1776478969, 557505147431 ] ],
    [ 124, [ 2, 2, 2, 2, 2, 2, 2, 2, 3, 3, 13, 1481, 1420277, 160686416909077988503 ] ],
    [ 125, [ 2, 2, 2, 2, 2, 2, 997, 4461786990643, 71100525241814963 ] ],
    [ 126, [ 2, 2, 2, 2, 2, 2, 2, 2, 2, 29, 2725916089837239078530189486501 ] ],
    [ 127, [ 2, 2, 2, 2, 2, 2, 2, 2, 2, 3, 3, 159812466041, 109895772516397749967 ] ],
    [ 128, [ 2, 2, 2, 2, 2, 2, 2, 2, 2, 2, 2, 2, 3, 3, 3, 33647, 24695226163, 1760940611341321 ] ],
    [ 129, [ 2, 2, 2, 2, 2, 2, 2, 2, 2, 2, 2, 477275058517, 331018871279383457537 ] ],
    [ 130, [ 3, 431, 2243, 36793, 307259, 19732290540292404029 ] ],
    [ 131, [ 5, 7, 36959895664350789836345186644575847 ] ],
    [ 132, [ 2, 3, 3, 34658575129, 4146094909275412572821401 ] ],
    [ 133, [ 2, 2, 2, 7, 23, 73847, 23934298501, 2271834515284234127 ] ],
    [ 134, [ 2, 2, 2, 2, 2, 1111301, 103651138859, 2805524221772295451 ] ],
    [ 135, [ 2, 2, 2, 2, 17, 79087, 961212580393604682900843251219 ] ],
    [ 136, [ 2, 2, 2, 2, 2, 5, 83, 11519, 15048559, 17960124845064822338267 ] ],
    [ 137, [ 2, 2, 2, 2, 2, 2, 2, 2, 2, 13, 476029, 26091200569337635709537934877 ] ],
    [ 138, [ 2, 2, 2, 2, 2, 2, 2, 2, 2, 23, 41, 14087, 24303246236950531858889105969 ] ],
    [ 139, [ 2, 2, 2, 2, 2, 2, 2, 2, 2, 5, 129106514891954644776357589264749127 ] ],
    [ 140, [ 2, 2, 2, 2, 2, 2, 2, 2, 2, 2, 41, 1488942319957, 10571828364890023244851 ] ],
    [ 141, [ 2, 2, 2, 2, 2, 2, 2, 2, 2, 2, 2, 2, 3, 19, 101, 56037568323163907896394359156397 ] ],
    [ 142, [ 3, 5507, 199909, 1366019, 585644014084635510273001 ] ],
    [ 143, [ 13, 2983081, 3002677, 10728799, 998550523, 4234914301 ] ],
    [ 144, [ 2, 2, 2, 2, 2, 55704757397, 5926034789160828410484873563 ] ],
    [ 145, [ 2, 2, 2, 3, 3, 1164376963, 251944005192539457081237763937 ] ],
    [ 146, [ 2, 2, 2, 2, 857, 39918367, 274490092456669, 281095279874051 ] ],
    [ 147, [ 2, 2, 2, 2, 617, 3459233, 2472819993808993198856599597261 ] ],
    [ 148, [ 2, 2, 2, 2, 2, 2, 2, 2, 2, 2, 3, 3, 3, 3, 3, 47, 198553, 2425391, 81413887453, 368247949837 ] ],
    [ 149, [ 2, 2, 2, 2, 2, 2, 2, 2, 2, 71, 9287450058222678724667012010165596113 ] ],
    [ 150, [ 2, 2, 2, 2, 2, 2, 2, 2, 2, 3, 13, 283, 119461362956254021230636080125520441 ] ],
    [ 151, [ 2, 2, 2, 2, 2, 2, 2, 2, 2, 7, 11833324731535717, 31827120841630464669421 ] ],
    [ 152, [ 2, 2, 2, 2, 2, 2, 2, 2, 2, 2, 2, 2, 2, 2, 2, 2, 17, 53, 167, 383, 39818855213, 17946801850046758081 ] ],
    [ 153, [ 2, 2, 2, 2, 2, 2, 2, 2, 2, 2, 2, 2, 673, 1493, 3561827, 368139002014790407205309209 ] ],
    [ 154, [ 7, 1541505576139745391096612642154957053660599 ] ],
    [ 155, [ 3, 83, 2381201, 2575816705279, 14127211563685309591919 ] ],
    [ 156, [ 2, 13, 13, 421, 73585417211, 4120025679856461347327151607 ] ],
    [ 157, [ 2, 2, 5, 449, 1836655391613528823, 5230101638092007406689 ] ],
    [ 158, [ 2, 2, 2, 3, 3, 3, 431, 1831, 1011855381062367089732859915349810219 ] ],
    [ 159, [ 2, 2, 2, 2, 2, 2, 71808713450869, 75041992910499345502041706547 ] ],
    [ 160, [ 2, 2, 2, 2, 2, 2, 2, 7, 769621403551364551096731484621695577834577 ] ],
    [ 161, [ 2, 2, 2, 2, 2, 2, 2, 2, 11, 41, 41, 294563, 31391567, 31500486494617119546735863 ] ],
    [ 162, [ 2, 2, 2, 2, 2, 2, 2, 2, 2, 2, 2, 191, 7048053026031853483855883699254031624459 ] ],
    [ 163, [ 2, 2, 2, 2, 2, 2, 2, 2, 2, 13, 181, 45361, 291257, 9619913821957, 36002618494472309 ] ],
    [ 164, [ 2, 2, 2, 2, 2, 2, 2, 2, 2, 2, 7, 13421, 13037524427281, 8788237999802341698028963 ] ],
    [ 165, [ 2, 2, 2, 2, 2, 2, 2, 2, 2, 2, 2, 3, 3, 11, 861700513, 126148469952630893894735015718001 ] ],
    [ 166, [ 197, 100913999044037, 2216713215986127753101276652631 ] ],
    [ 167, [ 7, 29, 405881253737, 1069438439606340191306117218973879 ] ],
    [ 168, [ 2, 2, 2, 3, 3, 257, 66766307, 26761473431941, 5328948132191612503129 ] ],
    [ 169, [ 2, 2, 7, 253582521716203, 49615892651405291126059351064461 ] ],
    [ 170, [ 2, 2, 2, 2, 2, 2, 23, 2447, 138209, 617011, 22601021, 11367444313, 8926062426053 ] ],
    [ 171, [ 2, 2, 2, 2, 2, 2, 151, 443, 70487, 4667408556597985487767145243682675269 ] ],
    [ 172, [ 2, 2, 2, 2, 2, 2, 2, 2, 2, 2, 2, 2, 3, 3, 5, 103, 124021, 859489518623, 1391629608037680547563619 ] ],
    [ 173, [ 2, 2, 2, 2, 2, 2, 2, 2, 374351, 58758928169884899717869411490585531840697 ] ],
    [ 174, [ 2, 2, 2, 2, 2, 2, 2, 2, 2, 7, 5309, 172633143442266391, 3427769348377670984611487 ] ],
    [ 175, [ 2, 2, 2, 2, 2, 2, 2, 2, 2, 4127, 14911856737031, 714502925232405208482863993197 ] ],
    [ 176, [ 2, 2, 2, 2, 2, 2, 2, 2, 2, 2, 2, 2, 109, 239, 13166288050277333, 32041742968017458449028639 ] ],
    [ 177, [ 2, 2, 2, 2, 2, 2, 2, 2, 2, 2, 2, 21481, 2045987856898667530542282400659252507783881 ] ],
    [ 178, [ 554003, 324862102342520287140362127597668305632015899 ] ],
    [ 179, [ 3, 3, 5, 5, 37, 1433, 31489, 50749319, 18876232347912451766224994494487 ] ],
    [ 180, [ 2, 3, 3, 499, 29009, 2761548619914301910438240324965473032001491 ] ],
    [ 181, [ 2, 2, 2, 2, 2, 229966333, 392752181021, 541811299730947, 918758284833761 ] ],
    [ 182, [ 2, 2, 2, 2, 2, 2, 2, 2, 2, 5, 379, 128364157, 17222387173, 1341187637303658120647397107 ] ],
    [ 183, [ 2, 2, 2, 2, 2, 2, 41, 349, 6518107, 29372936290118406989, 32807368708886453723 ] ],
    [ 184, [ 2, 2, 2, 2, 2, 2, 2, 7, 53, 186456947, 1298944889431058202238671617601092579633 ] ],
    [ 185, [ 2, 2, 2, 2, 2, 2, 2, 2, 2, 3, 3, 157, 31788110843798756002726475212268038895626448749 ] ],
    [ 186, [ 2, 2, 2, 2, 2, 2, 2, 2, 2, 37, 73, 590275691, 472355917171, 119256402923869066702022923 ] ],
    [ 187, [ 2, 2, 2, 2, 2, 2, 2, 2, 2, 3, 7, 191, 499, 743167, 4560581, 398309003, 66462136076543503250113 ] ],
    [ 188, [ 2, 2, 2, 2, 2, 2, 2, 2, 2, 2, 43, 79, 2411, 2989874837, 204029057057257, 35934375396324918223 ] ],
    [ 189, [ 2, 2, 2, 2, 2, 2, 2, 2, 2, 2, 2, 2, 2, 37, 293, 108577001954058391003, 38121886058438331231707299 ] ],
    [ 190, [ 61, 223, 237699203802206602259, 227317439445237333364350024023 ] ],
    [ 191, [ 7, 199, 78401, 1823402699, 7380121919570293745068792628844361331 ] ],
    [ 192, [ 2, 2, 2, 2, 2, 2, 2, 2, 2, 43, 40637, 62871631, 3653712203401490207, 14298596079486881009 ] ],
    [ 193, [ 2, 2, 2, 2, 2, 3, 5, 29, 41, 800494237, 75510081529475022811, 170325606094090250369 ] ],
    [ 194, [ 2, 2, 2, 2, 2, 2, 5, 11, 1201969, 58397179, 5010723953, 6587473237613, 1440597682264693 ] ],
    [ 195, [ 2, 2, 2, 2, 2, 2, 3, 163, 29105389, 25789996204473539169877798140923959690041629 ] ],
    [ 196, [ 2, 2, 2, 2, 2, 2, 2, 2, 2, 2, 757, 60595636415442184509373029227798323543790993602673 ] ],
    [ 197, [ 2, 2, 2, 2, 2, 2, 2, 2, 2, 29, 23297, 1713843581, 158424269855294789523179530404950956219 ] ],
    [ 198, [ 2, 2, 2, 2, 2, 2, 2, 2, 2, 50359, 437898199769671494439, 16632759368681261777508224711 ] ],
    [ 199, [ 2, 2, 2, 2, 2, 2, 2, 2, 2, 5, 1499, 160781, 1396387, 661277129, 176604564089, 3731991487240903877 ] ],
    [ 200, [ 2, 2, 2, 2, 2, 2, 2, 2, 2, 2, 2, 2, 2, 2, 2, 3, 11, 521, 736889, 18314129, 197600546407214653, 499751120540864077 ] ]
]
