c:\sys\ut\rpn\rpn.py -l120 -a200 1 200 range 17 k_fibonacci factor -E 1 enumerate -s1
[
    [ 1, [ 0 ] ],
    [ 2, [ 0 ] ],
    [ 3, [ 0 ] ],
    [ 4, [ 0 ] ],
    [ 5, [ 0 ] ],
    [ 6, [ 0 ] ],
    [ 7, [ 0 ] ],
    [ 8, [ 0 ] ],
    [ 9, [ 0 ] ],
    [ 10, [ 0 ] ],
    [ 11, [ 0 ] ],
    [ 12, [ 0 ] ],
    [ 13, [ 0 ] ],
    [ 14, [ 0 ] ],
    [ 15, [ 0 ] ],
    [ 16, [ 1 ] ],
    [ 17, [ 1 ] ],
    [ 18, [ 2 ] ],
    [ 19, [ 2, 2 ] ],
    [ 20, [ 2, 2, 2 ] ],
    [ 21, [ 2, 2, 2, 2 ] ],
    [ 22, [ 2, 2, 2, 2, 2 ] ],
    [ 23, [ 2, 2, 2, 2, 2, 2 ] ],
    [ 24, [ 2, 2, 2, 2, 2, 2, 2 ] ],
    [ 25, [ 2, 2, 2, 2, 2, 2, 2, 2 ] ],
    [ 26, [ 2, 2, 2, 2, 2, 2, 2, 2, 2 ] ],
    [ 27, [ 2, 2, 2, 2, 2, 2, 2, 2, 2, 2 ] ],
    [ 28, [ 2, 2, 2, 2, 2, 2, 2, 2, 2, 2, 2 ] ],
    [ 29, [ 2, 2, 2, 2, 2, 2, 2, 2, 2, 2, 2, 2 ] ],
    [ 30, [ 2, 2, 2, 2, 2, 2, 2, 2, 2, 2, 2, 2, 2 ] ],
    [ 31, [ 2, 2, 2, 2, 2, 2, 2, 2, 2, 2, 2, 2, 2, 2 ] ],
    [ 32, [ 2, 2, 2, 2, 2, 2, 2, 2, 2, 2, 2, 2, 2, 2, 2 ] ],
    [ 33, [ 2, 2, 2, 2, 2, 2, 2, 2, 2, 2, 2, 2, 2, 2, 2, 2 ] ],
    [ 34, [ 131071 ] ],
    [ 35, [ 11, 23831 ] ],
    [ 36, [ 2, 2, 2, 3, 5, 17, 257 ] ],
    [ 37, [ 2, 2, 262139 ] ],
    [ 38, [ 2, 2, 2, 2, 53, 2473 ] ],
    [ 39, [ 2, 2, 2, 2, 3, 59, 1481 ] ],
    [ 40, [ 2, 2, 2, 2, 2, 2, 2, 2, 7, 31, 151 ] ],
    [ 41, [ 2, 2, 2, 2, 2, 2, 5, 103, 509 ] ],
    [ 42, [ 2, 2, 2, 2, 2, 2, 2, 2, 3, 3, 14563 ] ],
    [ 43, [ 2, 2, 2, 2, 2, 2, 2, 2, 262133 ] ],
    [ 44, [ 2, 2, 2, 2, 2, 2, 2, 2, 2, 2, 2, 13, 71, 71 ] ],
    [ 45, [ 2, 2, 2, 2, 2, 2, 2, 2, 2, 2, 3, 23, 29, 131 ] ],
    [ 46, [ 2, 2, 2, 2, 2, 2, 2, 2, 2, 2, 2, 2, 5, 11, 2383 ] ],
    [ 47, [ 2, 2, 2, 2, 2, 2, 2, 2, 2, 2, 2, 2, 7, 37447 ] ],
    [ 48, [ 2, 2, 2, 2, 2, 2, 2, 2, 2, 2, 2, 2, 2, 2, 2, 2, 2, 3, 43, 127 ] ],
    [ 49, [ 2, 2, 2, 2, 2, 2, 2, 2, 2, 2, 2, 2, 2, 2, 262127 ] ],
    [ 50, [ 2, 2, 2, 2, 2, 2, 2, 2, 2, 2, 2, 2, 2, 2, 2, 2, 131063 ] ],
    [ 51, [ 2, 2, 2, 2, 2, 2, 2, 2, 2, 2, 2, 2, 2, 2, 2, 2, 3, 3, 5, 5, 5, 233 ] ],
    [ 52, [ 34357116929 ] ],
    [ 53, [ 3, 97, 103, 2292529 ] ],
    [ 54, [ 2, 3, 83, 199, 1061, 1307 ] ],
    [ 55, [ 2, 2, 2, 29, 61, 19421551 ] ],
    [ 56, [ 2, 2, 2, 2, 2, 3, 5, 5, 229043951 ] ],
    [ 57, [ 2, 2, 2, 2, 3, 33053, 692957 ] ],
    [ 58, [ 2, 2, 2, 2, 2, 5147, 13350041 ] ],
    [ 59, [ 2, 2, 2, 2, 2, 2, 2, 2, 3, 3, 23, 2237, 37097 ] ],
    [ 60, [ 2, 2, 2, 2, 2, 2, 2, 2, 3, 3, 3, 1272446977 ] ],
    [ 61, [ 2, 2, 2, 2, 2, 2, 2, 2, 5, 5, 5, 549694997 ] ],
    [ 62, [ 2, 2, 2, 2, 2, 2, 2, 2, 2, 3, 22903870831 ] ],
    [ 63, [ 2, 2, 2, 2, 2, 2, 2, 2, 2, 2, 2, 3, 38707, 295861 ] ],
    [ 64, [ 2, 2, 2, 2, 2, 2, 2, 2, 2, 2, 2, 2, 2, 2, 73, 103, 181, 6311 ] ],
    [ 65, [ 2, 2, 2, 2, 2, 2, 2, 2, 2, 2, 2, 2, 3, 22903608701 ] ],
    [ 66, [ 2, 2, 2, 2, 2, 2, 2, 2, 2, 2, 2, 2, 2, 3, 5, 5, 23, 3583, 11117 ] ],
    [ 67, [ 2, 2, 2, 2, 2, 2, 2, 2, 2, 2, 2, 2, 2, 2, 2, 2, 2, 52517, 163543 ] ],
    [ 68, [ 2, 2, 2, 2, 2, 2, 2, 2, 2, 2, 2, 2, 2, 2, 2, 2, 3, 3, 3, 271, 4695233 ] ],
    [ 69, [ 2, 2, 2, 2, 2, 2, 2, 2, 2, 2, 2, 2, 2, 2, 2, 2, 3, 3, 89, 1223, 70139 ] ],
    [ 70, [ 5, 953, 1890009152587 ] ],
    [ 71, [ 151, 119282904040943 ] ],
    [ 72, [ 2, 2, 2, 2, 2, 11, 1308173, 78230417 ] ],
    [ 73, [ 2, 2, 2, 719, 12525438861631 ] ],
    [ 74, [ 2, 2, 2, 2, 67, 16097, 28549, 292489 ] ],
    [ 75, [ 2, 2, 2, 2, 5, 17, 211899337140199 ] ],
    [ 76, [ 2, 2, 2, 2, 2, 2, 2, 2, 2, 3, 13, 281, 2969, 34597583 ] ],
    [ 77, [ 2, 2, 2, 2, 2, 2, 2, 2, 3, 43, 34905632232281 ] ],
    [ 78, [ 2, 2, 2, 2, 2, 2, 2, 2, 3, 29, 4091, 25302581107 ] ],
    [ 79, [ 2, 2, 2, 2, 2, 2, 2, 2, 421741, 42706705793 ] ],
    [ 80, [ 2, 2, 2, 2, 2, 2, 2, 2, 2, 2, 2, 2, 2, 2, 5, 37039, 3039212063 ] ],
    [ 81, [ 2, 2, 2, 2, 2, 2, 2, 2, 2, 2, 2, 67, 79579, 1689022003 ] ],
    [ 82, [ 2, 2, 2, 2, 2, 2, 2, 2, 2, 2, 2, 2, 9005481336897263 ] ],
    [ 83, [ 2, 2, 2, 2, 2, 2, 2, 2, 2, 2, 2, 2, 11, 1563481, 1047249053 ] ],
    [ 84, [ 2, 2, 2, 2, 2, 2, 2, 2, 2, 2, 2, 2, 2, 2, 2, 2, 2, 2, 71, 311, 439, 3691, 15731 ] ],
    [ 85, [ 2, 2, 2, 2, 2, 2, 2, 2, 2, 2, 2, 2, 2, 2, 2, 2, 2, 3, 5, 5, 109, 275393830919 ] ],
    [ 86, [ 2, 2, 2, 2, 2, 2, 2, 2, 2, 2, 2, 2, 2, 2, 2, 2, 3, 131071, 22901948603 ] ],
    [ 87, [ 2, 2, 2, 2, 2, 2, 2, 2, 2, 2, 2, 2, 2, 2, 2, 2, 3, 18443, 325518609089 ] ],
    [ 88, [ 7, 11, 647, 47385111377236883 ] ],
    [ 89, [ 1713415709, 2755513265629 ] ],
    [ 90, [ 2, 3, 3, 3, 3, 5, 41, 284331328156387949 ] ],
    [ 91, [ 2, 2, 29, 103, 88002857, 17960976413 ] ],
    [ 92, [ 2, 2, 2, 4721285680943369027689 ] ],
    [ 93, [ 2, 2, 2, 2, 2, 3, 3539, 514747, 431949510313 ] ],
    [ 94, [ 2, 2, 2, 2, 2, 2, 3, 7727, 672323, 151466585461 ] ],
    [ 95, [ 2, 2, 2, 2, 2, 2, 2, 3, 3, 5, 7, 266921, 28075792039643 ] ],
    [ 96, [ 2, 2, 2, 2, 2, 2, 2, 2, 2, 3, 13, 4799, 6306353401057133 ] ],
    [ 97, [ 2, 2, 2, 2, 2, 2, 2, 2, 82279, 13106761, 4377917881 ] ],
    [ 98, [ 2, 2, 2, 2, 2, 2, 2, 2, 2, 184472647, 25592832813377 ] ],
    [ 99, [ 2, 2, 2, 2, 2, 2, 2, 2, 2, 2, 3, 3, 3, 11, 15896160277039485913 ] ],
    [ 100, [ 2, 2, 2, 2, 2, 2, 2, 2, 2, 2, 2, 5, 19, 163, 56169469, 5427945739 ] ],
    [ 101, [ 2, 2, 2, 2, 2, 2, 2, 2, 2, 2, 2, 2, 2, 2, 311, 3795115418347339673 ] ],
    [ 102, [ 2, 2, 2, 2, 2, 2, 2, 2, 2, 2, 2, 2, 2, 2, 2, 3, 7, 311, 7499, 24099092197639 ] ],
    [ 103, [ 2, 2, 2, 2, 2, 2, 2, 2, 2, 2, 2, 2, 2, 2, 2, 2, 3, 3, 10676299433, 12283406053 ] ],
    [ 104, [ 2, 2, 2, 2, 2, 2, 2, 2, 2, 2, 2, 2, 2, 2, 2, 2, 3, 786844924692410663881 ] ],
    [ 105, [ 2, 2, 2, 2, 2, 2, 2, 2, 2, 2, 2, 2, 2, 2, 2, 2, 3, 5, 2351, 56308127, 2377517771 ] ],
    [ 106, [ 19, 62785039, 518725074354575563 ] ],
    [ 107, [ 3, 3, 5, 31, 37, 5431, 4414887234957606637 ] ],
    [ 108, [ 2, 2, 2, 3, 3, 5, 251, 401, 5417, 523307, 24097262803 ] ],
    [ 109, [ 2, 2, 7, 13, 311, 91529, 477761926528162417 ] ],
    [ 110, [ 2, 2, 2, 2, 2, 3, 25621, 4025251836537554110577 ] ],
    [ 111, [ 2, 2, 2, 2, 2, 3, 5, 17, 1097, 2579, 20461739, 41917757029 ] ],
    [ 112, [ 2, 2, 2, 2, 2, 2, 2, 2, 2, 2, 3, 11, 1949, 203773093, 2950831907707 ] ],
    [ 113, [ 2, 2, 2, 2, 2, 2, 2, 3, 61, 1279, 16754791, 157788288043921 ] ],
    [ 114, [ 2, 2, 2, 2, 2, 2, 2, 2, 3, 53, 84140365109, 46252183489871 ] ],
    [ 115, [ 2, 2, 2, 2, 2, 2, 2, 2, 1423, 869675419177027161043181 ] ],
    [ 116, [ 2, 2, 2, 2, 2, 2, 2, 2, 2, 2, 2, 3, 3, 7, 4910886509171810865286697 ] ],
    [ 117, [ 2, 2, 2, 2, 2, 2, 2, 2, 2, 2, 3, 3, 16812797, 18725921, 436750203551 ] ],
    [ 118, [ 2, 2, 2, 2, 2, 2, 2, 2, 2, 2, 2, 2, 2, 2, 193, 502682713591, 1594468258337 ] ],
    [ 119, [ 2, 2, 2, 2, 2, 2, 2, 2, 2, 2, 2, 2, 2, 2, 3, 5557, 10880281, 38122589, 44741581 ] ],
    [ 120, [ 2, 2, 2, 2, 2, 2, 2, 2, 2, 2, 2, 2, 2, 2, 2, 2, 2, 2, 3, 71414821, 180507073912826267 ] ],
    [ 121, [ 2, 2, 2, 2, 2, 2, 2, 2, 2, 2, 2, 2, 2, 2, 2, 2, 3, 433, 71411, 3335169398112950843 ] ],
    [ 122, [ 2, 2, 2, 2, 2, 2, 2, 2, 2, 2, 2, 2, 2, 2, 2, 2, 3, 13, 47, 337565486531327255750867 ] ],
    [ 123, [ 2, 2, 2, 2, 2, 2, 2, 2, 2, 2, 2, 2, 2, 2, 2, 2, 3, 7, 11, 1440239, 3719651858804820313 ] ],
    [ 124, [ 13, 563, 2131, 10399726388364369701752669 ] ],
    [ 125, [ 11, 2389, 52081, 17691129037, 13398054791879 ] ],
    [ 126, [ 2, 29, 43, 269, 4933, 41161, 112339, 42397228951117 ] ],
    [ 127, [ 2, 2, 2, 2, 3, 113, 401, 596592890065749216833324129 ] ],
    [ 128, [ 2, 2, 2, 2, 2, 2, 2, 3, 3, 5, 23, 2237, 8756976053776729423365451 ] ],
    [ 129, [ 2, 2, 2, 2, 2, 3, 5, 157, 3412859, 74075632759, 272435814019 ] ],
    [ 130, [ 2, 2, 2, 2, 2, 2, 3, 3, 7, 7, 227, 1620252583883106949130859839 ] ],
    [ 131, [ 2, 2, 2, 2, 2, 2, 2, 2, 3, 17, 503, 3449, 4951, 185136152954675939609 ] ],
    [ 132, [ 2, 2, 2, 2, 2, 2, 2, 2, 3, 3, 3, 5, 19, 23, 41, 421, 43623393017, 3651264173663 ] ],
    [ 133, [ 2, 2, 2, 2, 2, 2, 2, 2, 17, 7321, 2606470814586920005302474311 ] ],
    [ 134, [ 2, 2, 2, 2, 2, 2, 2, 2, 2, 11, 11, 139, 57273889837, 336754716752232661 ] ],
    [ 135, [ 2, 2, 2, 2, 2, 2, 2, 2, 2, 2, 2, 2, 2, 5, 5, 5, 5, 13, 29, 19141, 24137, 372485707050014681 ] ],
    [ 136, [ 2, 2, 2, 2, 2, 2, 2, 2, 2, 2, 2, 2, 2, 2, 2, 3, 3, 11, 1549, 12007, 1236757, 8903110044337903 ] ],
    [ 137, [ 2, 2, 2, 2, 2, 2, 2, 2, 2, 2, 2, 2, 2, 2, 3, 7, 13, 13, 1919479777, 11904633669025680673 ] ],
    [ 138, [ 2, 2, 2, 2, 2, 2, 2, 2, 2, 2, 2, 2, 2, 2, 2, 3, 3, 1096919743, 7271933681, 1129631116963 ] ],
    [ 139, [ 2, 2, 2, 2, 2, 2, 2, 2, 2, 2, 2, 2, 2, 2, 2, 2, 2, 3, 53, 101, 42368827, 59594657491951261369 ] ],
    [ 140, [ 2, 2, 2, 2, 2, 2, 2, 2, 2, 2, 2, 2, 2, 2, 2, 2, 3, 3, 37, 57251, 18640124641, 456409293300319 ] ],
    [ 141, [ 2, 2, 2, 2, 2, 2, 2, 2, 2, 2, 2, 2, 2, 2, 2, 2, 3, 61205730797, 1766629985634901488967 ] ],
    [ 142, [ 631, 67381061793716412211454290231789753 ] ],
    [ 143, [ 7, 3331, 3646891777682867607331767523104877 ] ],
    [ 144, [ 2, 2, 2, 2, 2, 2, 2, 3, 17, 73, 56984438767, 6262743228999988240883 ] ],
    [ 145, [ 2, 2, 2, 2, 3, 41, 1062643, 162644636539490031578188400653 ] ],
    [ 146, [ 2, 2, 2, 2, 2, 3, 719, 6529, 93761, 76657639, 210017799204355451 ] ],
    [ 147, [ 2, 2, 2, 2, 2, 3, 3, 3, 7, 11, 257, 281, 9273702417403, 30535978220031601 ] ],
    [ 148, [ 2, 2, 2, 2, 2, 2, 2, 2, 2, 3, 3, 7, 5737, 2251211, 150789479, 43316627810033713 ] ],
    [ 149, [ 2, 2, 2, 2, 2, 2, 2, 2, 3, 5, 2411, 5927, 18757, 5287359512496176793243703 ] ],
    [ 150, [ 2, 2, 2, 2, 2, 2, 2, 2, 3, 5, 13, 22751, 464067959, 20650818473698817914403 ] ],
    [ 151, [ 2, 2, 2, 2, 2, 2, 2, 2, 23, 103, 3158840303, 11362909892519839976394029 ] ],
    [ 152, [ 2, 2, 2, 2, 2, 2, 2, 2, 2, 2, 2, 2, 2, 2, 2, 5, 71, 8287, 27259, 17630101, 424978831, 2211276007 ] ],
    [ 153, [ 2, 2, 2, 2, 2, 2, 2, 2, 2, 2, 2, 2, 2, 3, 5, 7, 617, 13421, 12224459156432932866580642759 ] ],
    [ 154, [ 2, 2, 2, 2, 2, 2, 2, 2, 2, 2, 2, 2, 2, 2, 3, 41, 19884002521, 4345886857360091841310087 ] ],
    [ 155, [ 2, 2, 2, 2, 2, 2, 2, 2, 2, 2, 2, 2, 2, 2, 3, 3, 3, 5009, 18917, 64063, 1953437, 66396002695796233 ] ],
    [ 156, [ 2, 2, 2, 2, 2, 2, 2, 2, 2, 2, 2, 2, 2, 2, 2, 2, 2, 2, 3, 3, 7, 114118584860477, 369595865724294875569 ] ],
    [ 157, [ 2, 2, 2, 2, 2, 2, 2, 2, 2, 2, 2, 2, 2, 2, 2, 2, 2, 3, 2637773, 42794207, 31386197967481884171923 ] ],
    [ 158, [ 2, 2, 2, 2, 2, 2, 2, 2, 2, 2, 2, 2, 2, 2, 2, 2, 3, 11, 611803, 430086427, 13473035131, 363407578033 ] ],
    [ 159, [ 2, 2, 2, 2, 2, 2, 2, 2, 2, 2, 2, 2, 2, 2, 2, 2, 3, 29, 53, 22727, 811394024933653924915989868513 ] ],
    [ 160, [ 11549, 48437, 22068479, 922815059, 978292256556173093 ] ],
    [ 161, [ 3, 17, 2861, 36847, 140617, 113341237, 10595322223, 24551358851 ] ],
    [ 162, [ 2, 3, 17, 4825630333, 90569040143305963787198030359559 ] ],
    [ 163, [ 2, 2, 3, 38321, 193885015533093700986665734468712704783 ] ],
    [ 164, [ 2, 2, 2, 3, 3, 23, 29, 241919, 357424499, 42941581813124171961347567 ] ],
    [ 165, [ 2, 2, 2, 2, 3, 3, 3923, 25997, 311042576843, 78071968104226793999059 ] ],
    [ 166, [ 2, 2, 2, 2, 2, 3, 3, 109, 24691, 920215781055770355298351121942975041 ] ],
    [ 167, [ 2, 2, 2, 2, 2, 2, 3, 29, 193, 1327452975300335165465235034750613862701 ] ],
    [ 168, [ 2, 2, 2, 2, 2, 2, 2, 3, 14033, 85451, 708135398083, 8749612435242158544083 ] ],
    [ 169, [ 2, 2, 2, 2, 2, 2, 2, 2, 2, 11, 19, 2437, 89772959, 27491628673, 8865731465983442009 ] ],
    [ 170, [ 2, 2, 2, 2, 2, 2, 2, 2, 2, 2, 3, 653, 62037959933, 91699886222991692632007345977 ] ],
    [ 171, [ 2, 2, 2, 2, 2, 2, 2, 2, 2, 2, 2, 3, 32793509783, 113279136270584007913074492446491 ] ],
    [ 172, [ 2, 2, 2, 2, 2, 2, 2, 2, 2, 2, 2, 2, 3, 3, 5, 5, 478853, 4699679, 22009212364538966206658804393 ] ],
    [ 173, [ 2, 2, 2, 2, 2, 2, 2, 2, 2, 2, 2, 2, 2, 3, 3, 82207, 3120937, 391612219, 53654578207, 229697590763 ] ],
    [ 174, [ 2, 2, 2, 2, 2, 2, 2, 2, 2, 2, 2, 2, 2, 2, 3, 3, 3, 3, 3, 5, 29, 53, 4728539, 1262051254131322474172016132341 ] ],
    [ 175, [ 2, 2, 2, 2, 2, 2, 2, 2, 2, 2, 2, 2, 2, 2, 2, 3, 569, 6528583086969112779465982326608478917687 ] ],
    [ 176, [ 2, 2, 2, 2, 2, 2, 2, 2, 2, 2, 2, 2, 2, 2, 2, 2, 2, 3, 5, 271, 2879, 12906801834514121, 36889260334757704739 ] ],
    [ 177, [ 2, 2, 2, 2, 2, 2, 2, 2, 2, 2, 2, 2, 2, 2, 2, 2, 3, 732997, 3648653419, 8352446521, 332590140815383211 ] ],
    [ 178, [ 2720108339145991, 1073992395564441863801579923197769 ] ],
    [ 179, [ 1867, 4019, 203000925106513, 3835795151564059605802279981 ] ],
    [ 180, [ 2, 2, 2, 18979, 20469573121693, 405205759000391, 9278897517949159 ] ],
    [ 181, [ 2, 2, 1511, 269459699, 3430563640717, 4183007742341546768752511 ] ],
    [ 182, [ 2, 2, 2, 2, 13, 6043, 60765283, 38311141811, 15973651820155095456489893 ] ],
    [ 183, [ 2, 2, 2, 2, 1583, 563249, 3886935869, 1685855706790528283689527564493 ] ],
    [ 184, [ 2, 2, 2, 2, 2, 2, 2, 2, 1847, 1092089, 362070004876014035107896802499378889577 ] ],
    [ 185, [ 2, 2, 2, 2, 2, 2, 7, 19294870687, 43257945972574350994782736657856955893 ] ],
    [ 186, [ 2, 2, 2, 2, 2, 2, 2, 2, 2, 89, 16411721985686814307370866001269469350584650521 ] ],
    [ 187, [ 2, 2, 2, 2, 2, 2, 2, 2, 2, 571, 3449, 252971, 5863709640759313080435782893781637551 ] ],
    [ 188, [ 2, 2, 2, 2, 2, 2, 2, 2, 2, 2, 2, 2, 5, 2711, 53877982744410269125319527634200779183671837 ] ],
    [ 189, [ 2, 2, 2, 2, 2, 2, 2, 2, 2, 2, 2, 13128923, 43373691211, 491832638230231, 10430289276550267 ] ],
    [ 190, [ 2, 2, 2, 2, 2, 2, 2, 2, 2, 2, 2, 2, 2, 61, 1846114987770942375847, 12970267934272899472033459 ] ],
    [ 191, [ 2, 2, 2, 2, 2, 2, 2, 2, 2, 2, 2, 2, 2, 4877, 202309, 101109881969, 29282240770372958360471245721 ] ],
    [ 192, [ 2, 2, 2, 2, 2, 2, 2, 2, 2, 2, 2, 2, 2, 2, 2, 2, 2, 2, 2, 6095339, 23036019380882951483, 650143065721464958243 ] ],
    [ 193, [ 2, 2, 2, 2, 2, 2, 2, 2, 2, 2, 2, 2, 2, 2, 2, 157, 1988210273971, 37885745781643, 247015809128515404143 ] ],
    [ 194, [ 2, 2, 2, 2, 2, 2, 2, 2, 2, 2, 2, 2, 2, 2, 2, 2, 3169, 57699086420504099, 15976061483297474452839346483 ] ],
    [ 195, [ 2, 2, 2, 2, 2, 2, 2, 2, 2, 2, 2, 2, 2, 2, 2, 2, 13, 1747, 67741, 3797531433234277499899234668700437959497 ] ],
    [ 196, [ 5, 53, 839617, 8599559029896001, 400215798456947927470873444921 ] ],
    [ 197, [ 3, 13, 39270030572290280833908726494497340387217749981669219 ] ],
    [ 198, [ 2, 14033, 65899, 3849029, 430272566266200764656408591447440272383 ] ],
    [ 199, [ 2, 2, 2, 61, 605318719, 20738560013667342419309923528138000734929407 ] ],
    [ 200, [ 2, 2, 2, 2, 2, 3, 7, 97, 103, 1427, 53056001, 111732317, 13694526048419, 15752458125860611 ] ]
]
