c:\sys\ut\rpn\rpn.py -l120 -a200 1 200 range 16 k_fibonacci factor -E 1 enumerate -s1
[
    [ 1, [ 0 ] ],
    [ 2, [ 0 ] ],
    [ 3, [ 0 ] ],
    [ 4, [ 0 ] ],
    [ 5, [ 0 ] ],
    [ 6, [ 0 ] ],
    [ 7, [ 0 ] ],
    [ 8, [ 0 ] ],
    [ 9, [ 0 ] ],
    [ 10, [ 0 ] ],
    [ 11, [ 0 ] ],
    [ 12, [ 0 ] ],
    [ 13, [ 0 ] ],
    [ 14, [ 0 ] ],
    [ 15, [ 1 ] ],
    [ 16, [ 1 ] ],
    [ 17, [ 2 ] ],
    [ 18, [ 2, 2 ] ],
    [ 19, [ 2, 2, 2 ] ],
    [ 20, [ 2, 2, 2, 2 ] ],
    [ 21, [ 2, 2, 2, 2, 2 ] ],
    [ 22, [ 2, 2, 2, 2, 2, 2 ] ],
    [ 23, [ 2, 2, 2, 2, 2, 2, 2 ] ],
    [ 24, [ 2, 2, 2, 2, 2, 2, 2, 2 ] ],
    [ 25, [ 2, 2, 2, 2, 2, 2, 2, 2, 2 ] ],
    [ 26, [ 2, 2, 2, 2, 2, 2, 2, 2, 2, 2 ] ],
    [ 27, [ 2, 2, 2, 2, 2, 2, 2, 2, 2, 2, 2 ] ],
    [ 28, [ 2, 2, 2, 2, 2, 2, 2, 2, 2, 2, 2, 2 ] ],
    [ 29, [ 2, 2, 2, 2, 2, 2, 2, 2, 2, 2, 2, 2, 2 ] ],
    [ 30, [ 2, 2, 2, 2, 2, 2, 2, 2, 2, 2, 2, 2, 2, 2 ] ],
    [ 31, [ 2, 2, 2, 2, 2, 2, 2, 2, 2, 2, 2, 2, 2, 2, 2 ] ],
    [ 32, [ 3, 5, 17, 257 ] ],
    [ 33, [ 53, 2473 ] ],
    [ 34, [ 2, 2, 2, 7, 31, 151 ] ],
    [ 35, [ 2, 2, 3, 3, 14563 ] ],
    [ 36, [ 2, 2, 2, 2, 13, 71, 71 ] ],
    [ 37, [ 2, 2, 2, 2, 5, 11, 2383 ] ],
    [ 38, [ 2, 2, 2, 2, 2, 2, 2, 2, 3, 43, 127 ] ],
    [ 39, [ 2, 2, 2, 2, 2, 2, 131063 ] ],
    [ 40, [ 2, 2, 2, 2, 2, 2, 2, 2, 19, 3449 ] ],
    [ 41, [ 2, 2, 2, 2, 2, 2, 2, 2, 3, 7, 79, 79 ] ],
    [ 42, [ 2, 2, 2, 2, 2, 2, 2, 2, 2, 2, 2, 5, 6553 ] ],
    [ 43, [ 2, 2, 2, 2, 2, 2, 2, 2, 2, 2, 131059 ] ],
    [ 44, [ 2, 2, 2, 2, 2, 2, 2, 2, 2, 2, 2, 2, 3, 3, 3, 3, 809 ] ],
    [ 45, [ 2, 2, 2, 2, 2, 2, 2, 2, 2, 2, 2, 2, 83, 1579 ] ],
    [ 46, [ 2, 2, 2, 2, 2, 2, 2, 2, 2, 2, 2, 2, 2, 2, 2, 2, 2, 8191 ] ],
    [ 47, [ 2, 2, 2, 2, 2, 2, 2, 2, 2, 2, 2, 2, 2, 2, 3, 5, 8737 ] ],
    [ 48, [ 2, 2, 2, 2, 2, 2, 2, 2, 2, 2, 2, 2, 2, 2, 2, 2, 7, 11, 23, 37 ] ],
    [ 49, [ 43, 307, 650609 ] ],
    [ 50, [ 19, 904065671 ] ],
    [ 51, [ 2, 139, 2141, 57719 ] ],
    [ 52, [ 2, 2, 2, 4517, 1901371 ] ],
    [ 53, [ 2, 2, 2, 2, 2, 7, 7, 199, 199, 2213 ] ],
    [ 54, [ 2, 2, 2, 2, 17, 6343, 159293 ] ],
    [ 55, [ 2, 2, 2, 2, 2, 7, 137, 17910941 ] ],
    [ 56, [ 2, 2, 2, 2, 2, 2, 2, 2, 1979, 2169841 ] ],
    [ 57, [ 2, 2, 2, 2, 2, 2, 2, 2, 18553, 462899 ] ],
    [ 58, [ 2, 2, 2, 2, 2, 2, 2, 2, 23, 31, 421, 57221 ] ],
    [ 59, [ 2, 2, 2, 2, 2, 2, 2, 2, 2, 11, 47, 383, 86743 ] ],
    [ 60, [ 2, 2, 2, 2, 2, 2, 2, 2, 2, 2, 2, 7, 17, 43, 1678321 ] ],
    [ 61, [ 2, 2, 2, 2, 2, 2, 2, 2, 2, 2, 2, 2, 2, 2, 349, 6151793 ] ],
    [ 62, [ 2, 2, 2, 2, 2, 2, 2, 2, 2, 2, 2, 2, 7, 2453667857 ] ],
    [ 63, [ 2, 2, 2, 2, 2, 2, 2, 2, 2, 2, 2, 2, 2, 19, 149, 1483, 4091 ] ],
    [ 64, [ 2, 2, 2, 2, 2, 2, 2, 2, 2, 2, 2, 2, 2, 2, 2, 2, 2, 311, 6903301 ] ],
    [ 65, [ 2, 2, 2, 2, 2, 2, 2, 2, 2, 2, 2, 2, 2, 2, 2, 2, 2819, 3046343 ] ],
    [ 66, [ 3, 5, 13, 79, 73066581083 ] ],
    [ 67, [ 7, 321594883702783 ] ],
    [ 68, [ 2, 2, 2, 2, 2, 3, 5, 5, 167, 11233268507 ] ],
    [ 69, [ 2, 2, 2, 1229, 259321, 3531677 ] ],
    [ 70, [ 2, 2, 2, 2, 3, 3, 3, 3, 3, 4631919043133 ] ],
    [ 71, [ 2, 2, 2, 2, 5, 31, 191, 76037678711 ] ],
    [ 72, [ 2, 2, 2, 2, 2, 2, 2, 2, 2, 18371, 37139, 206209 ] ],
    [ 73, [ 2, 2, 2, 2, 2, 2, 2, 2, 5, 31, 233, 15582591203 ] ],
    [ 74, [ 2, 2, 2, 2, 2, 2, 2, 2, 7, 7, 11, 29, 113, 637219081 ] ],
    [ 75, [ 2, 2, 2, 2, 2, 2, 2, 2, 3, 750342257551951 ] ],
    [ 76, [ 2, 2, 2, 2, 2, 2, 2, 2, 2, 2, 2, 2, 2, 2, 5, 17, 43, 4049, 4753267 ] ],
    [ 77, [ 2, 2, 2, 2, 2, 2, 2, 2, 2, 2, 2, 3, 3, 17, 43, 103, 1660913159 ] ],
    [ 78, [ 2, 2, 2, 2, 2, 2, 2, 2, 2, 2, 2, 2, 5, 41, 293, 18737827727 ] ],
    [ 79, [ 2, 2, 2, 2, 2, 2, 2, 2, 2, 2, 2, 2, 3, 13, 1047737, 55087177 ] ],
    [ 80, [ 2, 2, 2, 2, 2, 2, 2, 2, 2, 2, 2, 2, 2, 2, 2, 2, 2, 2, 97, 1879, 385936273 ] ],
    [ 81, [ 2, 2, 2, 2, 2, 2, 2, 2, 2, 2, 2, 2, 2, 2, 2, 2, 2, 5, 7, 49811, 161390321 ] ],
    [ 82, [ 2, 2, 2, 2, 2, 2, 2, 2, 2, 2, 2, 2, 2, 2, 2, 2, 157, 7168492174939 ] ],
    [ 83, [ 822601529, 179326539529 ] ],
    [ 84, [ 3, 3, 3, 3, 3, 31081, 855737, 45647731 ] ],
    [ 85, [ 2, 3, 29, 506551, 6694451796073 ] ],
    [ 86, [ 2, 2, 5, 7, 53, 61, 347, 7513649132999 ] ],
    [ 87, [ 2, 2, 2, 1347481, 218941541038417 ] ],
    [ 88, [ 2, 2, 2, 2, 2, 7, 7, 647, 2879, 1616126999203 ] ],
    [ 89, [ 2, 2, 2, 2, 2, 2, 147507532243103645843 ] ],
    [ 90, [ 2, 2, 2, 2, 2, 2, 2, 83, 1291, 1376596144882001 ] ],
    [ 91, [ 2, 2, 2, 2, 2, 2, 2, 2, 2, 5, 14750528119056662561 ] ],
    [ 92, [ 2, 2, 2, 2, 2, 2, 2, 2, 351133, 840161167860499 ] ],
    [ 93, [ 2, 2, 2, 2, 2, 2, 2, 2, 2, 3, 7, 14047907635464952747 ] ],
    [ 94, [ 2, 2, 2, 2, 2, 2, 2, 2, 2, 2, 3, 337, 134339, 2172072700649 ] ],
    [ 95, [ 2, 2, 2, 2, 2, 2, 2, 2, 2, 2, 2, 7, 117809, 357723771258197 ] ],
    [ 96, [ 2, 2, 2, 2, 2, 2, 2, 2, 2, 2, 2, 2, 2, 2, 5, 5, 54038927, 54590148953 ] ],
    [ 97, [ 2, 2, 2, 2, 2, 2, 2, 2, 2, 2, 2, 2, 2, 2, 2, 60041249, 1228309959367 ] ],
    [ 98, [ 2, 2, 2, 2, 2, 2, 2, 2, 2, 2, 2, 2, 2, 2, 2, 2, 19, 29, 72142501, 1855289063 ] ],
    [ 99, [ 2, 2, 2, 2, 2, 2, 2, 2, 2, 2, 2, 2, 2, 2, 2, 2, 31, 17837, 24733, 35069, 307537 ] ],
    [ 100, [ 3, 3, 5, 5, 5, 5041291, 3408736117107481 ] ],
    [ 101, [ 3, 3, 4296074896434994779186061 ] ],
    [ 102, [ 2, 2, 2, 3, 53, 60793048811078695815593 ] ],
    [ 103, [ 2, 2, 11, 29, 53, 149, 3499, 1967717, 2229196357 ] ],
    [ 104, [ 2, 2, 2, 2, 2, 1814925397, 5325809681539987 ] ],
    [ 105, [ 2, 2, 2, 2, 2, 242083, 79855863454158394849 ] ],
    [ 106, [ 2, 2, 2, 2, 2, 2, 2, 2, 2, 2, 1208224967815048974786539 ] ],
    [ 107, [ 2, 2, 2, 2, 2, 2, 2, 2600521694363, 7433682257117 ] ],
    [ 108, [ 2, 2, 2, 2, 2, 2, 2, 2, 19, 21107587, 48202434392187437 ] ],
    [ 109, [ 2, 2, 2, 2, 2, 2, 2, 2, 3, 5, 389, 2417, 207517, 871987, 15149791 ] ],
    [ 110, [ 2, 2, 2, 2, 2, 2, 2, 2, 2, 2, 2, 3, 37, 641, 4391, 42023, 736195297769 ] ],
    [ 111, [ 2, 2, 2, 2, 2, 2, 2, 2, 2, 2, 3, 3, 4295747103169412167761283 ] ],
    [ 112, [ 2, 2, 2, 2, 2, 2, 2, 2, 2, 2, 2, 2, 2, 2, 19, 19, 47, 6863, 453461, 91522719107 ] ],
    [ 113, [ 2, 2, 2, 2, 2, 2, 2, 2, 2, 2, 2, 2, 2, 2, 9665283481914728345498959 ] ],
    [ 114, [ 2, 2, 2, 2, 2, 2, 2, 2, 2, 2, 2, 2, 2, 2, 2, 2, 2, 2, 11, 739, 6723722807, 22104178099 ] ],
    [ 115, [ 2, 2, 2, 2, 2, 2, 2, 2, 2, 2, 2, 2, 2, 2, 2, 2, 9665135983949220207193363 ] ],
    [ 116, [ 2, 2, 2, 2, 2, 2, 2, 2, 2, 2, 2, 2, 2, 2, 2, 2, 3037087, 6364692375167756629 ] ],
    [ 117, [ 11, 93113, 2473650044237330263799867 ] ],
    [ 118, [ 101, 26053, 1925700892219889846712821 ] ],
    [ 119, [ 2, 5, 1013432031093287992353356591933 ] ],
    [ 120, [ 2, 2, 2, 2, 283, 1223, 188701, 19396091833812586987 ] ],
    [ 121, [ 2, 2, 2, 2, 2, 2, 2, 316692676724588466991936061461 ] ],
    [ 122, [ 2, 2, 2, 2, 2, 36105443221, 70170086724656058001 ] ],
    [ 123, [ 2, 2, 2, 2, 2, 2, 89, 2003, 12401, 1386634783, 826478626177 ] ],
    [ 124, [ 2, 2, 2, 2, 2, 2, 2, 2, 13, 97441669961471211079005236351 ] ],
    [ 125, [ 2, 2, 2, 2, 2, 2, 2, 2, 5, 11, 23, 73, 1933, 14192846730145443504589 ] ],
    [ 126, [ 2, 2, 2, 2, 2, 2, 2, 2, 5, 5, 54088691, 3780230453, 991235113369 ] ],
    [ 127, [ 2, 2, 2, 2, 2, 2, 2, 2, 2, 5066850851054685541878824053507 ] ],
    [ 128, [ 2, 2, 2, 2, 2, 2, 2, 2, 2, 2, 2, 2, 2, 5, 11, 167, 20514257411, 3361319990401007 ] ],
    [ 129, [ 2, 2, 2, 2, 2, 2, 2, 2, 2, 2, 2, 2, 2, 2, 2, 79, 114089, 35135055620452695455869 ] ],
    [ 130, [ 2, 2, 2, 2, 2, 2, 2, 2, 2, 2, 2, 2, 2, 2, 113, 383, 1877, 15592892960411695063559 ] ],
    [ 131, [ 2, 2, 2, 2, 2, 2, 2, 2, 2, 2, 2, 2, 2, 2, 2, 19, 7473373, 8920611260962176174083 ] ],
    [ 132, [ 2, 2, 2, 2, 2, 2, 2, 2, 2, 2, 2, 2, 2, 2, 2, 2, 2, 607, 43487, 23992937622144173862481 ] ],
    [ 133, [ 2, 2, 2, 2, 2, 2, 2, 2, 2, 2, 2, 2, 2, 2, 2, 2, 211, 257501683, 46625737544977859761 ] ],
    [ 134, [ 3, 5, 19, 6803, 33377782734407, 5130882155276879 ] ],
    [ 135, [ 193139, 3438361677736001449430486734603 ] ],
    [ 136, [ 2, 2, 2, 2, 2, 2, 2, 7, 7, 23, 43051, 213860751478535344090920059 ] ],
    [ 137, [ 2, 2, 2, 2, 5, 37669593539, 881442483719769364888739 ] ],
    [ 138, [ 2, 2, 2, 2, 2, 13, 2657, 42749258441, 112431527526411117781 ] ],
    [ 139, [ 2, 2, 2, 2, 2, 11, 53, 53, 109, 211261632076171, 466645124195441 ] ],
    [ 140, [ 2, 2, 2, 2, 2, 2, 2, 2, 2, 7, 5929075005911733408728728418109709 ] ],
    [ 141, [ 2, 2, 2, 2, 2, 2, 2, 2, 9849577, 16854818579906430125746554257 ] ],
    [ 142, [ 2, 2, 2, 2, 2, 2, 2, 2, 590645899, 3110233700183, 180737440661989 ] ],
    [ 143, [ 2, 2, 2, 2, 2, 2, 2, 2, 3, 89, 593, 4194006226687052340353406386521 ] ],
    [ 144, [ 2, 2, 2, 2, 2, 2, 2, 2, 2, 2, 2, 2, 2, 2, 2, 10375564578542759834608645433753171 ] ],
    [ 145, [ 2, 2, 2, 2, 2, 2, 2, 2, 2, 2, 2, 2, 2, 137, 34689068251, 17465668341414568714729 ] ],
    [ 146, [ 2, 2, 2, 2, 2, 2, 2, 2, 2, 2, 2, 2, 2, 2, 5, 16600649986025484920697132538578449 ] ],
    [ 147, [ 2, 2, 2, 2, 2, 2, 2, 2, 2, 2, 2, 2, 2, 2, 412249, 5533119079, 8361869027, 8703396929 ] ],
    [ 148, [ 2, 2, 2, 2, 2, 2, 2, 2, 2, 2, 2, 2, 2, 2, 2, 2, 2, 2, 863, 379451, 766169, 1584487, 52197382394681 ] ],
    [ 149, [ 2, 2, 2, 2, 2, 2, 2, 2, 2, 2, 2, 2, 2, 2, 2, 2, 2, 7, 445141, 372852499, 71441811868838371139 ] ],
    [ 150, [ 2, 2, 2, 2, 2, 2, 2, 2, 2, 2, 2, 2, 2, 2, 2, 2, 5, 11, 19, 1112171, 285662989070020156070953973 ] ],
    [ 151, [ 5, 19, 23, 41, 79, 1627, 113227, 33377092536987067218011143 ] ],
    [ 152, [ 1453, 220897, 271156297666742200517946095255573 ] ],
    [ 153, [ 2, 605497, 78042331, 1841745364247775895681039963 ] ],
    [ 154, [ 2, 2, 87029903084037370559079323938600542273821 ] ],
    [ 155, [ 2, 2, 2, 883, 8276117, 11909070351406430666110237195607 ] ],
    [ 156, [ 2, 2, 2, 2, 5, 5, 70067, 785413, 85458303703, 740211771052027039 ] ],
    [ 157, [ 2, 2, 2, 2, 2, 19, 9473, 375833, 6016679, 213828538580683177759163 ] ],
    [ 158, [ 2, 2, 2, 2, 2, 2, 197099503, 336722839, 265499163833, 4938942651451 ] ],
    [ 159, [ 2, 2, 2, 2, 2, 2, 2, 5, 7, 17, 2999, 173981, 8927590169293, 31399478221486189 ] ],
    [ 160, [ 2, 2, 2, 2, 2, 2, 2, 2, 2, 31, 79, 277, 719, 2789, 31986937551844222858816001669 ] ],
    [ 161, [ 2, 2, 2, 2, 2, 2, 2, 2, 2, 2, 5, 11, 791138679315463294086701198276705020069 ] ],
    [ 162, [ 2, 2, 2, 2, 2, 2, 2, 2, 2, 2, 2, 43512295346817373901119236937149553103303 ] ],
    [ 163, [ 2, 2, 2, 2, 2, 2, 2, 2, 2, 2, 2, 2, 71, 149419, 4101516902117078403063435942776927 ] ],
    [ 164, [ 2, 2, 2, 2, 2, 2, 2, 2, 2, 2, 2, 2, 2, 7, 23, 63737, 460256261, 538350284327, 17112884537003 ] ],
    [ 165, [ 2, 2, 2, 2, 2, 2, 2, 2, 2, 2, 2, 2, 2, 2, 569, 3030289, 25235141046239138046400027451873 ] ],
    [ 166, [ 2, 2, 2, 2, 2, 2, 2, 2, 2, 2, 2, 2, 2, 2, 2, 5, 41, 291589865711937773, 727901226972551636821 ] ],
    [ 167, [ 2, 2, 2, 2, 2, 2, 2, 2, 2, 2, 2, 2, 2, 2, 2, 2, 2, 5, 433, 159081071, 63166821195663510591756509471 ] ],
    [ 168, [ 3, 5, 17, 73, 573329, 43398985013, 12312762829931287551338341 ] ],
    [ 169, [ 7, 7, 13, 19, 2609, 5233, 6020704456979, 11464722904626845554153 ] ],
    [ 170, [ 2, 2, 2, 3, 11, 272507, 216225211, 1466450748643220546750943156959 ] ],
    [ 171, [ 2, 2, 5, 109, 487, 3308567, 12988431073283314704710018462667871 ] ],
    [ 172, [ 2, 2, 2, 2, 3, 11, 13, 23570383, 1165035690990649, 484089452071451910473 ] ],
    [ 173, [ 2, 2, 2, 2, 7, 17, 97, 8087, 12457, 9808347868007865095727992610372319 ] ],
    [ 174, [ 2, 2, 2, 2, 2, 2, 2, 2, 3, 571, 643, 257893, 12728208959, 394318339350299825974999 ] ],
    [ 175, [ 2, 2, 2, 2, 2, 2, 5, 5, 5591, 24334439, 271858537, 19794024983, 623133223278107 ] ],
    [ 176, [ 2, 2, 2, 2, 2, 2, 2, 2, 2, 3, 5, 283, 22033919, 33421306060211, 912121452360154330337 ] ],
    [ 177, [ 2, 2, 2, 2, 2, 2, 2, 2, 2, 1410708823, 2773562695168777, 1457460665581339704193 ] ],
    [ 178, [ 2, 2, 2, 2, 2, 2, 2, 2, 2, 2, 2, 2, 3, 3, 15904277, 9959842412579861535294928875717813139 ] ],
    [ 179, [ 2, 2, 2, 2, 2, 2, 2, 2, 2, 2, 2, 5, 3613, 315665863355732946131703769721161976990597 ] ],
    [ 180, [ 2, 2, 2, 2, 2, 2, 2, 2, 2, 2, 2, 2, 2, 3, 3, 874331, 1939237, 3196509697, 58453022704749395796911 ] ],
    [ 181, [ 2, 2, 2, 2, 2, 2, 2, 2, 2, 2, 2, 2, 2, 5, 11, 479, 641, 859, 2243, 15641597, 628133546449, 17838043023061 ] ],
    [ 182, [ 2, 2, 2, 2, 2, 2, 2, 2, 2, 2, 2, 2, 2, 2, 2, 2, 2, 2, 2, 3, 3, 3, 13, 507689929364970003972594401392997947016261 ] ],
    [ 183, [ 2, 2, 2, 2, 2, 2, 2, 2, 2, 2, 2, 2, 2, 2, 2, 11, 373, 4681418094651010513, 296874833432053242626933 ] ],
    [ 184, [ 2, 2, 2, 2, 2, 2, 2, 2, 2, 2, 2, 2, 2, 2, 2, 2, 3, 13921, 136539191749269111743616507626596579443539 ] ],
    [ 185, [ 3, 3, 3, 11, 283, 8892272100829803851992975686573881942261185499 ] ],
    [ 186, [ 887, 17450014548234241, 96574595322424816365149707506643 ] ],
    [ 187, [ 2, 5, 2357, 3137, 40423, 1000244908064721386687289123184507287463 ] ],
    [ 188, [ 2, 2, 2, 5, 5, 271, 17477, 468367129493, 13476685480082315298382139156531 ] ],
    [ 189, [ 2, 2, 2, 2, 2, 4463, 83730848179710794728065890813559023258369333411 ] ],
    [ 190, [ 2, 2, 2, 2, 3, 3, 647, 10103, 14593031, 11211774184061491, 155293066089128092481 ] ],
    [ 191, [ 2, 2, 2, 2, 2, 3, 498246763577207974554700692488566553699157411325511 ] ],
    [ 192, [ 2, 2, 2, 2, 2, 2, 2, 2, 2, 11, 83, 17491, 1857466683703734189917, 6298918514100944877491 ] ],
    [ 193, [ 2, 2, 2, 2, 2, 2, 2, 2, 2, 4673, 698899, 114416569406970566900663061044162738387971 ] ],
    [ 194, [ 2, 2, 2, 2, 2, 2, 2, 2, 2, 3, 11, 19, 1747, 1170979, 8403041683, 69339344808483463974206533507 ] ],
    [ 195, [ 2, 2, 2, 2, 2, 2, 2, 2, 2, 2, 3, 13, 331, 5827, 9935388898184635093715994008016848005965761 ] ],
    [ 196, [ 2, 2, 2, 2, 2, 2, 2, 2, 2, 2, 2, 2, 11, 1429, 1667, 6823, 730637, 2860563772086109168578951441037583 ] ],
    [ 197, [ 2, 2, 2, 2, 2, 2, 2, 2, 2, 2, 2, 2, 2, 2, 2, 2, 2111, 28109, 96387877, 1713577253561, 4765803672997083196807 ] ],
    [ 198, [ 2, 2, 2, 2, 2, 2, 2, 2, 2, 2, 2, 2, 2, 131, 383, 599, 1187, 4526247283, 4628354980290385630581287506573 ] ],
    [ 199, [ 2, 2, 2, 2, 2, 2, 2, 2, 2, 2, 2, 2, 2, 2, 83, 20106675111421, 447807003982802103857077159728261473 ] ],
    [ 200, [ 2, 2, 2, 2, 2, 2, 2, 2, 2, 2, 2, 2, 2, 2, 2, 2, 2, 3, 3203041, 19442950798720349130743046958062386744987531 ] ]
]
