c:\sys\ut\rpn\rpn.py -l120 -a200 1 200 range 20 k_fibonacci factor -E 1 enumerate -s1
[
    [ 1, [ 0 ] ],
    [ 2, [ 0 ] ],
    [ 3, [ 0 ] ],
    [ 4, [ 0 ] ],
    [ 5, [ 0 ] ],
    [ 6, [ 0 ] ],
    [ 7, [ 0 ] ],
    [ 8, [ 0 ] ],
    [ 9, [ 0 ] ],
    [ 10, [ 0 ] ],
    [ 11, [ 0 ] ],
    [ 12, [ 0 ] ],
    [ 13, [ 0 ] ],
    [ 14, [ 0 ] ],
    [ 15, [ 0 ] ],
    [ 16, [ 0 ] ],
    [ 17, [ 0 ] ],
    [ 18, [ 0 ] ],
    [ 19, [ 1 ] ],
    [ 20, [ 1 ] ],
    [ 21, [ 2 ] ],
    [ 22, [ 2, 2 ] ],
    [ 23, [ 2, 2, 2 ] ],
    [ 24, [ 2, 2, 2, 2 ] ],
    [ 25, [ 2, 2, 2, 2, 2 ] ],
    [ 26, [ 2, 2, 2, 2, 2, 2 ] ],
    [ 27, [ 2, 2, 2, 2, 2, 2, 2 ] ],
    [ 28, [ 2, 2, 2, 2, 2, 2, 2, 2 ] ],
    [ 29, [ 2, 2, 2, 2, 2, 2, 2, 2, 2 ] ],
    [ 30, [ 2, 2, 2, 2, 2, 2, 2, 2, 2, 2 ] ],
    [ 31, [ 2, 2, 2, 2, 2, 2, 2, 2, 2, 2, 2 ] ],
    [ 32, [ 2, 2, 2, 2, 2, 2, 2, 2, 2, 2, 2, 2 ] ],
    [ 33, [ 2, 2, 2, 2, 2, 2, 2, 2, 2, 2, 2, 2, 2 ] ],
    [ 34, [ 2, 2, 2, 2, 2, 2, 2, 2, 2, 2, 2, 2, 2, 2 ] ],
    [ 35, [ 2, 2, 2, 2, 2, 2, 2, 2, 2, 2, 2, 2, 2, 2, 2 ] ],
    [ 36, [ 2, 2, 2, 2, 2, 2, 2, 2, 2, 2, 2, 2, 2, 2, 2, 2 ] ],
    [ 37, [ 2, 2, 2, 2, 2, 2, 2, 2, 2, 2, 2, 2, 2, 2, 2, 2, 2 ] ],
    [ 38, [ 2, 2, 2, 2, 2, 2, 2, 2, 2, 2, 2, 2, 2, 2, 2, 2, 2, 2 ] ],
    [ 39, [ 2, 2, 2, 2, 2, 2, 2, 2, 2, 2, 2, 2, 2, 2, 2, 2, 2, 2, 2 ] ],
    [ 40, [ 3, 5, 5, 11, 31, 41 ] ],
    [ 41, [ 773, 2713 ] ],
    [ 42, [ 2, 2, 2, 524287 ] ],
    [ 43, [ 2, 2, 3, 13, 53773 ] ],
    [ 44, [ 2, 2, 2, 2, 1048573 ] ],
    [ 45, [ 2, 2, 2, 2, 5, 419429 ] ],
    [ 46, [ 2, 2, 2, 2, 2, 2, 2, 2, 3, 3, 3, 7, 19, 73 ] ],
    [ 47, [ 2, 2, 2, 2, 2, 2, 2097143 ] ],
    [ 48, [ 2, 2, 2, 2, 2, 2, 2, 2, 1048571 ] ],
    [ 49, [ 2, 2, 2, 2, 2, 2, 2, 2, 3, 349, 2003 ] ],
    [ 50, [ 2, 2, 2, 2, 2, 2, 2, 2, 2, 2, 2, 5, 23, 47, 97 ] ],
    [ 51, [ 2, 2, 2, 2, 2, 2, 2, 2, 2, 2, 11, 190649 ] ],
    [ 52, [ 2, 2, 2, 2, 2, 2, 2, 2, 2, 2, 2, 2, 3, 193, 1811 ] ],
    [ 53, [ 2, 2, 2, 2, 2, 2, 2, 2, 2, 2, 2, 2, 7, 17, 17623 ] ],
    [ 54, [ 2, 2, 2, 2, 2, 2, 2, 2, 2, 2, 2, 2, 2, 2, 2, 2, 2, 131071 ] ],
    [ 55, [ 2, 2, 2, 2, 2, 2, 2, 2, 2, 2, 2, 2, 2, 2, 3, 3, 5, 29, 1607 ] ],
    [ 56, [ 2, 2, 2, 2, 2, 2, 2, 2, 2, 2, 2, 2, 2, 2, 2, 2, 13, 79, 1021 ] ],
    [ 57, [ 2, 2, 2, 2, 2, 2, 2, 2, 2, 2, 2, 2, 2, 2, 2, 2, 2097133 ] ],
    [ 58, [ 2, 2, 2, 2, 2, 2, 2, 2, 2, 2, 2, 2, 2, 2, 2, 2, 2, 2, 2, 3, 174761 ] ],
    [ 59, [ 2, 2, 2, 2, 2, 2, 2, 2, 2, 2, 2, 2, 2, 2, 2, 2, 2, 2, 2097131 ] ],
    [ 60, [ 2, 2, 2, 2, 2, 2, 2, 2, 2, 2, 2, 2, 2, 2, 2, 2, 2, 2, 2, 2, 5, 7, 29959 ] ],
    [ 61, [ 5, 439799827661 ] ],
    [ 62, [ 3, 1465998726487 ] ],
    [ 63, [ 2, 13, 53, 6383155417 ] ],
    [ 64, [ 2, 2, 2, 13, 13, 13011810607 ] ],
    [ 65, [ 2, 2, 2, 2, 2, 3, 5, 73299831467 ] ],
    [ 66, [ 2, 2, 2, 2, 5, 5, 5, 7, 7, 19, 127, 337, 883 ] ],
    [ 67, [ 2, 2, 2, 2, 2, 7, 19, 7853, 4210819 ] ],
    [ 68, [ 2, 2, 2, 2, 2, 2, 2, 2, 3, 67891, 5398339 ] ],
    [ 69, [ 2, 2, 2, 2, 2, 2, 2, 2, 43, 3449, 14827289 ] ],
    [ 70, [ 2, 2, 2, 2, 2, 2, 2, 2, 5, 879595880461 ] ],
    [ 71, [ 2, 2, 2, 2, 2, 2, 2, 2, 2, 3, 5, 73771, 3974441 ] ],
    [ 72, [ 2, 2, 2, 2, 2, 2, 2, 2, 2, 2, 2, 2749, 799922737 ] ],
    [ 73, [ 2, 2, 2, 2, 2, 2, 2, 2, 2, 2, 2, 2, 2, 2, 7, 11093, 7079711 ] ],
    [ 74, [ 2, 2, 2, 2, 2, 2, 2, 2, 2, 2, 2, 2, 3, 7, 59, 5659, 627251 ] ],
    [ 75, [ 2, 2, 2, 2, 2, 2, 2, 2, 2, 2, 2, 2, 2, 5, 137, 6420392579 ] ],
    [ 76, [ 2, 2, 2, 2, 2, 2, 2, 2, 2, 2, 2, 2, 2, 2, 2, 2, 2, 5, 13, 107, 1997, 39581 ] ],
    [ 77, [ 2, 2, 2, 2, 2, 2, 2, 2, 2, 2, 2, 2, 2, 2, 2, 2, 3, 13, 53773, 1048559 ] ],
    [ 78, [ 2, 2, 2, 2, 2, 2, 2, 2, 2, 2, 2, 2, 2, 2, 2, 2, 3943, 1115384891 ] ],
    [ 79, [ 2, 2, 2, 2, 2, 2, 2, 2, 2, 2, 2, 2, 2, 2, 2, 2, 2, 4397960528081 ] ],
    [ 80, [ 2, 2, 2, 2, 2, 2, 2, 2, 2, 2, 2, 2, 2, 2, 2, 2, 2, 2, 2, 3, 5, 5, 7, 8933, 468883 ] ],
    [ 81, [ 2, 2, 2, 2, 2, 2, 2, 2, 2, 2, 2, 2, 2, 2, 2, 2, 2, 2, 2, 2, 2, 5, 7, 74897, 419429 ] ],
    [ 82, [ 5, 79, 113, 2377, 43465621957 ] ],
    [ 83, [ 29, 441010831, 721162531 ] ],
    [ 84, [ 2, 2, 2, 2, 2, 3, 3, 43, 71, 83, 137, 797, 2314909 ] ],
    [ 85, [ 2, 2, 2, 5, 101, 2170117, 4207997477 ] ],
    [ 86, [ 2, 2, 2, 2, 5, 7, 91373, 1441995358337 ] ],
    [ 87, [ 2, 2, 2, 2, 5, 7, 263518758097859377 ] ],
    [ 88, [ 2, 2, 2, 2, 2, 2, 2, 2, 2, 3, 7, 47, 53, 613, 17976531203 ] ],
    [ 89, [ 2, 2, 2, 2, 2, 2, 2, 2, 3, 13, 11925853, 4957527307 ] ],
    [ 90, [ 2, 2, 2, 2, 2, 2, 2, 2, 5, 729787, 1263813049489 ] ],
    [ 91, [ 2, 2, 2, 2, 2, 2, 2, 2, 5, 5, 5, 59, 1093, 1144185828647 ] ],
    [ 92, [ 2, 2, 2, 2, 2, 2, 2, 2, 2, 2, 2, 2, 2, 2, 5, 683, 84399108194707 ] ],
    [ 93, [ 2, 2, 2, 2, 2, 2, 2, 2, 2, 2, 2, 3, 7, 7, 79, 33619, 63179, 186959 ] ],
    [ 94, [ 2, 2, 2, 2, 2, 2, 2, 2, 2, 2, 2, 2, 7, 31, 769, 4003, 6903613517 ] ],
    [ 95, [ 2, 2, 2, 2, 2, 2, 2, 2, 2, 2, 2, 2, 5, 7, 263517752845664237 ] ],
    [ 96, [ 2, 2, 2, 2, 2, 2, 2, 2, 2, 2, 2, 2, 2, 2, 2, 2, 2, 2, 5, 49341443, 1168277161 ] ],
    [ 97, [ 2, 2, 2, 2, 2, 2, 2, 2, 2, 2, 2, 2, 2, 2, 2, 2, 2, 3, 5, 5, 113, 1866211, 72893209 ] ],
    [ 98, [ 2, 2, 2, 2, 2, 2, 2, 2, 2, 2, 2, 2, 2, 2, 2, 2, 3, 3, 3, 167, 2467, 414570047209 ] ],
    [ 99, [ 2, 2, 2, 2, 2, 2, 2, 2, 2, 2, 2, 2, 2, 2, 2, 2, 9223103757735164641 ] ],
    [ 100, [ 2, 2, 2, 2, 2, 2, 2, 2, 2, 2, 2, 2, 2, 2, 2, 2, 2, 2, 2, 2, 2, 5, 7, 163, 696991, 144968647 ] ],
    [ 101, [ 2, 2, 2, 2, 2, 2, 2, 2, 2, 2, 2, 2, 2, 2, 2, 2, 2, 2, 2, 5, 7, 29, 67, 2957, 22932664373 ] ],
    [ 102, [ 2, 2, 2, 2, 2, 2, 2, 2, 2, 2, 2, 2, 2, 2, 2, 2, 2, 2, 2, 2, 3, 5, 7, 13, 109, 269, 115221904163 ] ],
    [ 103, [ 5, 5, 11, 101, 1699, 204940944230988149 ] ],
    [ 104, [ 31, 115178501261, 5417174818291 ] ],
    [ 105, [ 2, 5, 5, 97, 379, 21045284827307327123 ] ],
    [ 106, [ 2, 2, 5, 7, 608789, 907759311846593449 ] ],
    [ 107, [ 2, 2, 2, 3, 3, 5, 7, 37, 4649, 52588867, 6787966781 ] ],
    [ 108, [ 2, 2, 2, 2, 2, 5, 7, 7, 23, 2129, 806130887948055289 ] ],
    [ 109, [ 2, 2, 2, 2, 2, 2, 7, 43, 32129830996715202650303 ] ],
    [ 110, [ 2, 2, 2, 2, 2, 2, 2, 5, 853, 349093, 594823, 10920104659 ] ],
    [ 111, [ 2, 2, 2, 2, 2, 2, 2, 2, 2, 3, 5, 5, 134632531499, 478887224813 ] ],
    [ 112, [ 2, 2, 2, 2, 2, 2, 2, 2, 5, 5, 53, 2455931, 2510803, 2367334531 ] ],
    [ 113, [ 2, 2, 2, 2, 2, 2, 2, 2, 2, 5, 7, 59, 149, 3329141, 18882765088559 ] ],
    [ 114, [ 2, 2, 2, 2, 2, 2, 2, 2, 2, 2, 7, 11, 251196261614647331306053 ] ],
    [ 115, [ 2, 2, 2, 2, 2, 2, 2, 2, 2, 2, 2, 5, 7, 13, 58153, 10604917, 68930732777 ] ],
    [ 116, [ 2, 2, 2, 2, 2, 2, 2, 2, 2, 2, 2, 2, 2, 2, 3, 5, 7, 9870961, 4665463073255927 ] ],
    [ 117, [ 2, 2, 2, 2, 2, 2, 2, 2, 2, 2, 2, 2, 2, 2, 2, 5, 967104223748189785686203 ] ],
    [ 118, [ 2, 2, 2, 2, 2, 2, 2, 2, 2, 2, 2, 2, 2, 2, 2, 2, 5, 967103762592562102560593 ] ],
    [ 119, [ 2, 2, 2, 2, 2, 2, 2, 2, 2, 2, 2, 2, 2, 2, 2, 2, 79, 3049, 3885719059, 10332774527 ] ],
    [ 120, [ 2, 2, 2, 2, 2, 2, 2, 2, 2, 2, 2, 2, 2, 2, 2, 2, 3, 3, 3, 5, 7, 23, 31, 15377, 1866851193259757 ] ],
    [ 121, [ 2, 2, 2, 2, 2, 2, 2, 2, 2, 2, 2, 2, 2, 2, 2, 2, 2, 5, 7, 2549, 42901249, 5053527476923 ] ],
    [ 122, [ 2, 2, 2, 2, 2, 2, 2, 2, 2, 2, 2, 2, 2, 2, 2, 2, 2, 2, 5, 7, 8087, 384299537, 177818479183 ] ],
    [ 123, [ 2, 2, 2, 2, 2, 2, 2, 2, 2, 2, 2, 2, 2, 2, 2, 2, 2, 2, 2, 5, 7, 7, 831914207, 94898076069767 ] ],
    [ 124, [ 3, 5, 19, 28566148515053, 2491180464679831 ] ],
    [ 125, [ 11, 127973, 1555861, 24814159, 746363059657 ] ],
    [ 126, [ 2, 2, 2, 7, 13, 281, 4457, 7193, 67438291, 183427466191 ] ],
    [ 127, [ 2, 2, 7, 103, 3765546553, 14940592749914218813 ] ],
    [ 128, [ 2, 2, 2, 2, 2, 7, 7, 11, 167, 716953351, 157135669421681677 ] ],
    [ 129, [ 2, 2, 2, 2, 2, 3, 7, 7, 84719, 6080429, 108736181, 2463169231 ] ],
    [ 130, [ 2, 2, 2, 2, 2, 2, 2, 2, 2, 2, 7, 17, 31, 281, 421, 38506237031, 75431433881 ] ],
    [ 131, [ 2, 2, 2, 2, 2, 2, 2, 79, 4817, 136219289, 391253236380325337 ] ],
    [ 132, [ 2, 2, 2, 2, 2, 2, 2, 2, 31, 2613829, 250300211581662171848351 ] ],
    [ 133, [ 2, 2, 2, 2, 2, 2, 2, 2, 3, 3, 3, 7, 179, 399101, 35942891, 83583242351963 ] ],
    [ 134, [ 2, 2, 2, 2, 2, 2, 2, 2, 2, 2, 2, 7, 859, 165203, 25856324779, 394815091667 ] ],
    [ 135, [ 2, 2, 2, 2, 2, 2, 2, 2, 2, 2, 7, 73, 251, 316253132140007747533579807 ] ],
    [ 136, [ 2, 2, 2, 2, 2, 2, 2, 2, 2, 2, 2, 2, 2, 2, 7, 11, 228515568863, 288159368481975149 ] ],
    [ 137, [ 2, 2, 2, 2, 2, 2, 2, 2, 2, 2, 2, 2, 2, 2, 7, 73, 2213, 8967404028944096223693341 ] ],
    [ 138, [ 2, 2, 2, 2, 2, 2, 2, 2, 2, 2, 2, 2, 2, 2, 2, 2, 2, 2, 3, 6311, 215381, 1377491, 225664510024367 ] ],
    [ 139, [ 2, 2, 2, 2, 2, 2, 2, 2, 2, 2, 2, 2, 2, 2, 2, 2, 11, 13, 151, 6145199, 76422229142906732069 ] ],
    [ 140, [ 2, 2, 2, 2, 2, 2, 2, 2, 2, 2, 2, 2, 2, 2, 2, 2, 7, 101, 515951, 88824783689, 625945317631 ] ],
    [ 141, [ 2, 2, 2, 2, 2, 2, 2, 2, 2, 2, 2, 2, 2, 2, 2, 2, 7, 156789164366789, 36958482333127307 ] ],
    [ 142, [ 2, 2, 2, 2, 2, 2, 2, 2, 2, 2, 2, 2, 2, 2, 2, 2, 2, 2, 2, 3, 7, 47807, 10100833905296487435626237 ] ],
    [ 143, [ 2, 2, 2, 2, 2, 2, 2, 2, 2, 2, 2, 2, 2, 2, 2, 2, 2, 2, 7, 19, 23, 9749, 1360154532067895723729071 ] ],
    [ 144, [ 2, 2, 2, 2, 2, 2, 2, 2, 2, 2, 2, 2, 2, 2, 2, 2, 2, 2, 2, 2, 2, 7, 113, 839, 632070809, 24174829726694629 ] ],
    [ 145, [ 11, 13, 41, 41, 83, 89, 1072665852221, 22330116773869361 ] ],
    [ 146, [ 3, 3, 3, 7, 7, 11, 11701, 2751887, 181531076336080010552143 ] ],
    [ 147, [ 2, 7, 263, 773, 181078699, 17913259981, 18428144283907 ] ],
    [ 148, [ 2, 2, 2, 2, 3, 3, 5, 5, 7, 47, 101641, 173259301, 16313711556163612567 ] ],
    [ 149, [ 2, 2, 2, 2, 2, 2, 2, 7, 3923, 12893, 117643, 1780187219, 71702514125941 ] ],
    [ 150, [ 2, 2, 2, 2, 2, 7, 191250634729439, 31770594297363805962797 ] ],
    [ 151, [ 2, 2, 2, 2, 2, 2, 3, 7, 2083, 797833, 3315581, 367574905543878172303 ] ],
    [ 152, [ 2, 2, 2, 2, 2, 2, 2, 2, 53, 544001, 737598944353463828625391223303 ] ],
    [ 153, [ 2, 2, 2, 2, 2, 2, 2, 2, 7, 19, 701791, 423850421, 1075111700859673472263 ] ],
    [ 154, [ 2, 2, 2, 2, 2, 2, 2, 2, 5, 7, 467, 5663209692580339, 918983817136454893 ] ],
    [ 155, [ 2, 2, 2, 2, 2, 2, 2, 2, 2, 3, 3, 3, 7, 509, 587, 1506390389932752816530330993761 ] ],
    [ 156, [ 2, 2, 2, 2, 2, 2, 2, 2, 2, 2, 2, 2, 2, 5, 7, 11, 5849, 14892517943, 317069557995870847283 ] ],
    [ 157, [ 2, 2, 2, 2, 2, 2, 2, 2, 2, 2, 2, 2, 2, 2, 2, 3, 7, 11, 239, 9493648667, 10143592427984513442281 ] ],
    [ 158, [ 2, 2, 2, 2, 2, 2, 2, 2, 2, 2, 2, 2, 2, 2, 7, 13, 821, 32077, 31909961, 278092991939393999327 ] ],
    [ 159, [ 2, 2, 2, 2, 2, 2, 2, 2, 2, 2, 2, 2, 2, 2, 2, 6964081, 3053729683958716497057583128581 ] ],
    [ 160, [ 2, 2, 2, 2, 2, 2, 2, 2, 2, 2, 2, 2, 2, 2, 2, 2, 2, 3, 3, 7, 43, 61, 1709, 88661, 424669111576059540249889 ] ],
    [ 161, [ 2, 2, 2, 2, 2, 2, 2, 2, 2, 2, 2, 2, 2, 2, 2, 2, 7, 7, 179, 641, 382253, 19790918161050454735467071 ] ],
    [ 162, [ 2, 2, 2, 2, 2, 2, 2, 2, 2, 2, 2, 2, 2, 2, 2, 2, 5, 5, 7, 19, 1569101, 16304640432890911946209126361 ] ],
    [ 163, [ 2, 2, 2, 2, 2, 2, 2, 2, 2, 2, 2, 2, 2, 2, 2, 2, 2, 7, 1319, 46933, 1818163, 107969129717823551823467 ] ],
    [ 164, [ 2, 2, 2, 2, 2, 2, 2, 2, 2, 2, 2, 2, 2, 2, 2, 2, 2, 2, 2, 2, 3, 3, 7, 7, 48223061604669481104478149064919197 ] ],
    [ 165, [ 2, 2, 2, 2, 2, 2, 2, 2, 2, 2, 2, 2, 2, 2, 2, 2, 2, 2, 2, 2, 2, 2, 2, 2, 7, 675400291, 8331644207, 67485920484812629 ] ],
    [ 166, [ 1237, 37320390436852361, 1932132835952206880553643 ] ],
    [ 167, [ 31607, 14735154182304049619, 383040492499887823213 ] ],
    [ 168, [ 2, 2, 2, 2, 2, 2, 2, 3, 5, 331, 523, 30253, 78671129, 32954392403, 13686247404967 ] ],
    [ 169, [ 2, 2, 2, 2, 3, 5, 131, 22696541677905042329234891731037628226721 ] ],
    [ 170, [ 2, 2, 2, 2, 2, 41, 792881, 299486613823, 4580920474198002799562527 ] ],
    [ 171, [ 2, 2, 2, 2, 2, 17, 1459, 1783, 82064833314829, 24577583251188860392781 ] ],
    [ 172, [ 2, 2, 2, 2, 2, 2, 2, 2, 2, 131, 4567, 118883772507259, 156760537779706079290861 ] ],
    [ 173, [ 2, 2, 2, 2, 2, 2, 2, 2, 3, 3, 19, 195407178341, 1101081990439, 1212174464276181977 ] ],
    [ 174, [ 2, 2, 2, 2, 2, 2, 2, 2, 19, 53, 61, 1452084525194895490964308255071533109611 ] ],
    [ 175, [ 2, 2, 2, 2, 2, 2, 2, 2, 593, 138511117, 1500726027878491, 1447238980881545549 ] ],
    [ 176, [ 2, 2, 2, 2, 2, 2, 2, 2, 2, 2, 2, 2, 2, 2, 2, 61, 28967063, 1577489624108666564670554341549961 ] ],
    [ 177, [ 2, 2, 2, 2, 2, 2, 2, 2, 2, 2, 2, 2, 2, 3, 71, 3691, 12434347, 2281098078335941124931107143799 ] ],
    [ 178, [ 2, 2, 2, 2, 2, 2, 2, 2, 2, 2, 2, 2, 2, 2, 3, 349, 4421, 5399, 767381, 140385296137, 8282800374949333 ] ],
    [ 179, [ 2, 2, 2, 2, 2, 2, 2, 2, 2, 2, 2, 2, 2, 2, 62327, 898155659769532609, 796695450731452817819 ] ],
    [ 180, [ 2, 2, 2, 2, 2, 2, 2, 2, 2, 2, 2, 2, 2, 2, 2, 2, 2, 2, 31, 47, 3826224302153061478125089542812958235651 ] ],
    [ 181, [ 2, 2, 2, 2, 2, 2, 2, 2, 2, 2, 2, 2, 2, 2, 2, 2, 2, 19, 7591, 87721, 462355699125217, 3812039396266556263 ] ],
    [ 182, [ 2, 2, 2, 2, 2, 2, 2, 2, 2, 2, 2, 2, 2, 2, 2, 2, 3, 3, 839497, 39883656956999, 296000821183434679311269 ] ],
    [ 183, [ 2, 2, 2, 2, 2, 2, 2, 2, 2, 2, 2, 2, 2, 2, 2, 2, 178393626666777261157586140534647051624459701 ] ],
    [ 184, [ 2, 2, 2, 2, 2, 2, 2, 2, 2, 2, 2, 2, 2, 2, 2, 2, 2, 2, 2, 2, 2, 2, 2, 2, 103, 113, 57235441, 432700987, 4835045556613572782413 ] ],
    [ 185, [ 2, 2, 2, 2, 2, 2, 2, 2, 2, 2, 2, 2, 2, 2, 2, 2, 2, 2, 2, 2, 173, 655404713, 1066002826419229, 368981769907786411 ] ],
    [ 186, [ 2, 2, 2, 2, 2, 2, 2, 2, 2, 2, 2, 2, 2, 2, 2, 2, 2, 2, 2, 2, 2, 3, 240851908621, 61723049546547874280792268472661 ] ],
    [ 187, [ 101, 94645609, 8855983943, 69150665657, 31953864569574398219 ] ],
    [ 188, [ 17, 1429, 49411, 11664357413, 48101510059, 555499772557912625593 ] ],
    [ 189, [ 2, 7, 43, 71039, 3573586013, 4895988921522777211847348031060679 ] ],
    [ 190, [ 2, 2, 12527, 323623, 320039131, 288348870458967101425266036100943 ] ],
    [ 191, [ 2, 2, 2, 3, 80376697087845729743387, 1551515706027586361485302889 ] ],
    [ 192, [ 2, 2, 2, 2, 13, 35759699, 466242672667714793, 1726069002031318619936497 ] ],
    [ 193, [ 2, 2, 2, 2, 2, 257, 409, 5507, 8332763133089, 77561576536558567168893428941 ] ],
    [ 194, [ 2, 2, 2, 2, 2, 2, 1151, 21984440237, 14784826408265383358797445480371913321 ] ],
    [ 195, [ 2, 2, 2, 2, 2, 2, 2, 3, 43, 151, 347, 55349107982418042924535743058171495883693741 ] ],
    [ 196, [ 2, 2, 2, 2, 2, 2, 2, 2, 2, 1877, 99658026589999098231936269664430346792475478151 ] ],
    [ 197, [ 2, 2, 2, 2, 2, 2, 2, 2, 2, 2, 4557433130524999721, 41044601501540591943617167565371 ] ],
    [ 198, [ 2, 2, 2, 2, 2, 2, 2, 2, 2, 2, 2, 5, 7, 7, 53, 661675197949, 21771549116407329078785261819196203 ] ],
    [ 199, [ 2, 2, 2, 2, 2, 2, 2, 2, 2, 2, 2, 2, 187057848318222716226340898630867683625351710333043 ] ],
    [ 200, [ 2, 2, 2, 2, 2, 2, 2, 2, 2, 2, 2, 2, 2, 3, 19, 796761708529020259639, 4118816249793351977354922983 ] ]
]
