c:\sys\ut\rpn\rpn.py -l120 -a200 1 200 range 18 k_fibonacci factor -E 1 enumerate -s1
[
    [ 1, [ 0 ] ],
    [ 2, [ 0 ] ],
    [ 3, [ 0 ] ],
    [ 4, [ 0 ] ],
    [ 5, [ 0 ] ],
    [ 6, [ 0 ] ],
    [ 7, [ 0 ] ],
    [ 8, [ 0 ] ],
    [ 9, [ 0 ] ],
    [ 10, [ 0 ] ],
    [ 11, [ 0 ] ],
    [ 12, [ 0 ] ],
    [ 13, [ 0 ] ],
    [ 14, [ 0 ] ],
    [ 15, [ 0 ] ],
    [ 16, [ 0 ] ],
    [ 17, [ 1 ] ],
    [ 18, [ 1 ] ],
    [ 19, [ 2 ] ],
    [ 20, [ 2, 2 ] ],
    [ 21, [ 2, 2, 2 ] ],
    [ 22, [ 2, 2, 2, 2 ] ],
    [ 23, [ 2, 2, 2, 2, 2 ] ],
    [ 24, [ 2, 2, 2, 2, 2, 2 ] ],
    [ 25, [ 2, 2, 2, 2, 2, 2, 2 ] ],
    [ 26, [ 2, 2, 2, 2, 2, 2, 2, 2 ] ],
    [ 27, [ 2, 2, 2, 2, 2, 2, 2, 2, 2 ] ],
    [ 28, [ 2, 2, 2, 2, 2, 2, 2, 2, 2, 2 ] ],
    [ 29, [ 2, 2, 2, 2, 2, 2, 2, 2, 2, 2, 2 ] ],
    [ 30, [ 2, 2, 2, 2, 2, 2, 2, 2, 2, 2, 2, 2 ] ],
    [ 31, [ 2, 2, 2, 2, 2, 2, 2, 2, 2, 2, 2, 2, 2 ] ],
    [ 32, [ 2, 2, 2, 2, 2, 2, 2, 2, 2, 2, 2, 2, 2, 2 ] ],
    [ 33, [ 2, 2, 2, 2, 2, 2, 2, 2, 2, 2, 2, 2, 2, 2, 2 ] ],
    [ 34, [ 2, 2, 2, 2, 2, 2, 2, 2, 2, 2, 2, 2, 2, 2, 2, 2 ] ],
    [ 35, [ 2, 2, 2, 2, 2, 2, 2, 2, 2, 2, 2, 2, 2, 2, 2, 2, 2 ] ],
    [ 36, [ 3, 3, 3, 7, 19, 73 ] ],
    [ 37, [ 5, 23, 47, 97 ] ],
    [ 38, [ 2, 2, 2, 131071 ] ],
    [ 39, [ 2, 2, 3, 174761 ] ],
    [ 40, [ 2, 2, 2, 2, 11, 23831 ] ],
    [ 41, [ 2, 2, 2, 2, 269, 1949 ] ],
    [ 42, [ 2, 2, 2, 2, 2, 2, 2, 2, 3, 5, 17, 257 ] ],
    [ 43, [ 2, 2, 2, 2, 2, 2, 7, 74897 ] ],
    [ 44, [ 2, 2, 2, 2, 2, 2, 2, 2, 262139 ] ],
    [ 45, [ 2, 2, 2, 2, 2, 2, 2, 2, 3, 3, 13, 4481 ] ],
    [ 46, [ 2, 2, 2, 2, 2, 2, 2, 2, 2, 2, 2, 53, 2473 ] ],
    [ 47, [ 2, 2, 2, 2, 2, 2, 2, 2, 2, 2, 5, 5, 67, 313 ] ],
    [ 48, [ 2, 2, 2, 2, 2, 2, 2, 2, 2, 2, 2, 2, 3, 59, 1481 ] ],
    [ 49, [ 2, 2, 2, 2, 2, 2, 2, 2, 2, 2, 2, 2, 223, 2351 ] ],
    [ 50, [ 2, 2, 2, 2, 2, 2, 2, 2, 2, 2, 2, 2, 2, 2, 2, 2, 2, 7, 31, 151 ] ],
    [ 51, [ 2, 2, 2, 2, 2, 2, 2, 2, 2, 2, 2, 2, 2, 2, 3, 11, 15887 ] ],
    [ 52, [ 2, 2, 2, 2, 2, 2, 2, 2, 2, 2, 2, 2, 2, 2, 2, 2, 5, 103, 509 ] ],
    [ 53, [ 2, 2, 2, 2, 2, 2, 2, 2, 2, 2, 2, 2, 2, 2, 2, 2, 524269 ] ],
    [ 54, [ 2, 2, 2, 2, 2, 2, 2, 2, 2, 2, 2, 2, 2, 2, 2, 2, 2, 2, 2, 3, 3, 14563 ] ],
    [ 55, [ 3, 3, 11, 17, 53, 1540751 ] ],
    [ 56, [ 7, 39266624659 ] ],
    [ 57, [ 2, 3, 29, 239, 13219153 ] ],
    [ 58, [ 2, 2, 2, 3, 173, 283, 935699 ] ],
    [ 59, [ 2, 2, 2, 2, 2, 23, 31, 37, 61, 42701 ] ],
    [ 60, [ 2, 2, 2, 2, 3, 7, 13088775023 ] ],
    [ 61, [ 2, 2, 2, 2, 2, 3, 1129, 81152569 ] ],
    [ 62, [ 2, 2, 2, 2, 2, 2, 2, 2, 11, 13, 43, 11175119 ] ],
    [ 63, [ 2, 2, 2, 2, 2, 2, 2, 2, 3, 3, 3, 7, 19, 73, 524261 ] ],
    [ 64, [ 2, 2, 2, 2, 2, 2, 2, 2, 3, 3, 43, 710238187 ] ],
    [ 65, [ 2, 2, 2, 2, 2, 2, 2, 2, 2, 13, 19, 179, 6216761 ] ],
    [ 66, [ 2, 2, 2, 2, 2, 2, 2, 2, 2, 2, 2, 3, 11, 17, 181, 1353449 ] ],
    [ 67, [ 2, 2, 2, 2, 2, 2, 2, 2, 2, 2, 2, 2, 2, 2, 3, 7, 227, 7207379 ] ],
    [ 68, [ 2, 2, 2, 2, 2, 2, 2, 2, 2, 2, 2, 2, 17099, 16074629 ] ],
    [ 69, [ 2, 2, 2, 2, 2, 2, 2, 2, 2, 2, 2, 2, 2, 3, 91619852333 ] ],
    [ 70, [ 2, 2, 2, 2, 2, 2, 2, 2, 2, 2, 2, 2, 2, 2, 2, 2, 2, 3, 7, 173, 9457027 ] ],
    [ 71, [ 2, 2, 2, 2, 2, 2, 2, 2, 2, 2, 2, 2, 2, 2, 2, 2, 29, 71, 66745631 ] ],
    [ 72, [ 2, 2, 2, 2, 2, 2, 2, 2, 2, 2, 2, 2, 2, 2, 2, 2, 3, 3, 17, 1663, 1080251 ] ],
    [ 73, [ 2, 2, 2, 2, 2, 2, 2, 2, 2, 2, 2, 2, 2, 2, 2, 2, 2, 3, 3, 3, 11, 3203, 288931 ] ],
    [ 74, [ 3, 3, 5, 5, 11, 29111958198013 ] ],
    [ 75, [ 144103918213791737 ] ],
    [ 76, [ 2, 2, 2, 2, 2, 4043023, 2227659281 ] ],
    [ 77, [ 2, 2, 2, 34535593, 2086302217 ] ],
    [ 78, [ 2, 2, 2, 2, 17, 263, 24077, 669323797 ] ],
    [ 79, [ 2, 2, 2, 2, 5, 248063, 116182436521 ] ],
    [ 80, [ 2, 2, 2, 2, 2, 2, 2, 2, 2, 191, 47153973785927 ] ],
    [ 81, [ 2, 2, 2, 2, 2, 2, 2, 2, 3, 31, 387371690931629 ] ],
    [ 82, [ 2, 2, 2, 2, 2, 2, 2, 2, 3, 236293, 101640755449 ] ],
    [ 83, [ 2, 2, 2, 2, 2, 2, 2, 2, 3, 254047, 189074881553 ] ],
    [ 84, [ 2, 2, 2, 2, 2, 2, 2, 2, 2, 2, 2, 2, 2, 2, 5, 11, 601, 3023, 45065381 ] ],
    [ 85, [ 2, 2, 2, 2, 2, 2, 2, 2, 2, 2, 2, 11, 11, 83, 103, 3167, 21993217 ] ],
    [ 86, [ 2, 2, 2, 2, 2, 2, 2, 2, 2, 2, 2, 2, 89, 643, 1259028908717 ] ],
    [ 87, [ 2, 2, 2, 2, 2, 2, 2, 2, 2, 2, 2, 2, 17, 23, 83, 271, 43577, 375997 ] ],
    [ 88, [ 2, 2, 2, 2, 2, 2, 2, 2, 2, 2, 2, 2, 2, 2, 2, 2, 2, 2, 1009, 4462969059671 ] ],
    [ 89, [ 2, 2, 2, 2, 2, 2, 2, 2, 2, 2, 2, 2, 2, 2, 2, 2, 2, 5, 17, 17, 23, 651437, 831967 ] ],
    [ 90, [ 2, 2, 2, 2, 2, 2, 2, 2, 2, 2, 2, 2, 2, 2, 2, 2, 3, 67, 179, 108089, 18526901 ] ],
    [ 91, [ 2, 2, 2, 2, 2, 2, 2, 2, 2, 2, 2, 2, 2, 2, 2, 2, 3, 47, 1021982414348453 ] ],
    [ 92, [ 2, 2, 2, 2, 2, 2, 2, 2, 2, 2, 2, 2, 2, 2, 2, 2, 2, 2, 2, 2, 2, 3, 23, 130524678954413 ] ],
    [ 93, [ 3, 29, 47, 2939, 3143287489416203 ] ],
    [ 94, [ 11, 129581, 53002451293030279 ] ],
    [ 95, [ 2, 7, 379, 28476846192001648877 ] ],
    [ 96, [ 2, 2, 3, 11, 86929, 26335992362980967 ] ],
    [ 97, [ 2, 2, 2, 29, 331, 2003788517, 3927802187 ] ],
    [ 98, [ 2, 2, 2, 2, 2, 23, 254147, 6462251189280863 ] ],
    [ 99, [ 2, 2, 2, 2, 2, 2, 3, 20431, 33871, 187223, 97184663 ] ],
    [ 100, [ 2, 2, 2, 2, 2, 2, 2, 3, 3, 3, 3, 9319, 50042692834688327 ] ],
    [ 101, [ 2, 2, 2, 2, 2, 2, 2, 2, 2, 3, 6295684027607703355447 ] ],
    [ 102, [ 2, 2, 2, 2, 2, 2, 2, 2, 3, 7, 61, 443, 2351, 56626257014027 ] ],
    [ 103, [ 2, 2, 2, 2, 2, 2, 2, 2, 2, 29, 53, 241, 607, 16830679, 19963711 ] ],
    [ 104, [ 2, 2, 2, 2, 2, 2, 2, 2, 2, 2, 149, 10391, 48795308812646411 ] ],
    [ 105, [ 2, 2, 2, 2, 2, 2, 2, 2, 2, 2, 2, 3, 11, 2289322179577709131907 ] ],
    [ 106, [ 2, 2, 2, 2, 2, 2, 2, 2, 2, 2, 2, 2, 2, 2, 21139, 146359207, 6104576627 ] ],
    [ 107, [ 2, 2, 2, 2, 2, 2, 2, 2, 2, 2, 2, 2, 2, 2, 2, 11, 31, 1493, 47297, 784352754719 ] ],
    [ 108, [ 2, 2, 2, 2, 2, 2, 2, 2, 2, 2, 2, 2, 2, 2, 2, 2, 3, 23857, 50609213, 5214248323 ] ],
    [ 109, [ 2, 2, 2, 2, 2, 2, 2, 2, 2, 2, 2, 2, 2, 2, 2, 2, 3, 7, 977, 89176729, 20645345239 ] ],
    [ 110, [ 2, 2, 2, 2, 2, 2, 2, 2, 2, 2, 2, 2, 2, 2, 2, 2, 3, 3, 71, 1242487, 1292023, 73646779 ] ],
    [ 111, [ 2, 2, 2, 2, 2, 2, 2, 2, 2, 2, 2, 2, 2, 2, 2, 2, 2, 3, 29, 241, 13477, 267353800383031 ] ],
    [ 112, [ 3, 29, 227633264360334313723729049 ] ],
    [ 113, [ 4068561017, 9735164910636295261 ] ],
    [ 114, [ 2, 2, 2, 3, 43, 76759761434899558495798391 ] ],
    [ 115, [ 2, 2, 3, 3198661, 39106183, 105547412587933 ] ],
    [ 116, [ 2, 2, 2, 2, 2, 7, 317, 1732550032349, 2575600985809 ] ],
    [ 117, [ 2, 2, 2, 2, 2, 3, 5, 1320260341801798305138186637 ] ],
    [ 118, [ 2, 2, 2, 2, 2, 2, 2, 2, 2, 2, 3, 412580569849556391651196921 ] ],
    [ 119, [ 2, 2, 2, 2, 2, 2, 2, 3, 5, 139, 1231, 2265532651, 3405765505223 ] ],
    [ 120, [ 2, 2, 2, 2, 2, 2, 2, 2, 3, 13, 53, 113, 139177751, 609199611220513 ] ],
    [ 121, [ 2, 2, 2, 2, 2, 2, 2, 2, 3, 5, 5581, 138438546331, 3417568336627 ] ],
    [ 122, [ 2, 2, 2, 2, 2, 2, 2, 2, 2, 2, 2, 17, 92251, 227965589, 27696659993297 ] ],
    [ 123, [ 2, 2, 2, 2, 2, 2, 2, 2, 2, 2, 3, 5, 7, 7, 181, 14489, 869597, 23629444026829 ] ],
    [ 124, [ 2, 2, 2, 2, 2, 2, 2, 2, 2, 2, 2, 2, 2, 2, 3, 31, 872846043401, 60990817001131 ] ],
    [ 125, [ 2, 2, 2, 2, 2, 2, 2, 2, 2, 2, 2, 2, 2, 2, 5, 1980360293505825642478462019 ] ],
    [ 126, [ 2, 2, 2, 2, 2, 2, 2, 2, 2, 2, 2, 2, 2, 2, 2, 2, 2, 2, 3, 103, 419, 1601, 5971171773051594827 ] ],
    [ 127, [ 2, 2, 2, 2, 2, 2, 2, 2, 2, 2, 2, 2, 2, 2, 2, 2, 3, 67, 49262505939767615324154107 ] ],
    [ 128, [ 2, 2, 2, 2, 2, 2, 2, 2, 2, 2, 2, 2, 2, 2, 2, 2, 3, 5039, 2152545349, 608588584785739 ] ],
    [ 129, [ 2, 2, 2, 2, 2, 2, 2, 2, 2, 2, 2, 2, 2, 2, 2, 2, 3, 31, 113, 19577, 277741, 4146497, 167163713 ] ],
    [ 130, [ 2, 2, 2, 2, 2, 2, 2, 2, 2, 2, 2, 2, 2, 2, 2, 2, 2, 2, 2, 3, 7, 1063, 383147, 1157689471969578511 ] ],
    [ 131, [ 3, 17, 510403, 398864847415466179309354601 ] ],
    [ 132, [ 19, 8263, 177831446209, 743769577874760553 ] ],
    [ 133, [ 2, 50263, 598427, 3992689, 172906940706278117 ] ],
    [ 134, [ 2, 2, 2, 2, 1464595319139509, 3544533087996598391 ] ],
    [ 135, [ 2, 2, 2, 2, 2, 2, 2, 3, 3, 5, 1667, 89927324382829, 192387154521391 ] ],
    [ 136, [ 2, 2, 2, 2, 2, 3, 5, 5, 5, 19, 1113308743896959, 1308894150455599 ] ],
    [ 137, [ 2, 2, 2, 2, 2, 2, 3, 3, 7, 59, 217157, 12862867403407106569964093 ] ],
    [ 138, [ 2, 2, 2, 2, 2, 2, 2, 2, 3, 263661672206969, 6563040831822039833 ] ],
    [ 139, [ 2, 2, 2, 2, 2, 2, 2, 2, 3, 3, 953, 65596505593, 18453825760016235049 ] ],
    [ 140, [ 2, 2, 2, 2, 2, 2, 2, 2, 3, 43, 67, 67, 11057, 3243060662485907356015319 ] ],
    [ 141, [ 2, 2, 2, 2, 2, 2, 2, 2, 2, 558752099753, 37163080071510939748043 ] ],
    [ 142, [ 2, 2, 2, 2, 2, 2, 2, 2, 2, 2, 2, 2, 2, 31, 66988907211257, 1249900572151649419 ] ],
    [ 143, [ 2, 2, 2, 2, 2, 2, 2, 2, 2, 2, 2, 2, 2, 2, 2, 5, 31, 389, 4691, 4588412956406923080411791 ] ],
    [ 144, [ 2, 2, 2, 2, 2, 2, 2, 2, 2, 2, 2, 2, 2, 2, 3, 5, 7, 1009, 4862843, 10076220882808816956511 ] ],
    [ 145, [ 2, 2, 2, 2, 2, 2, 2, 2, 2, 2, 2, 2, 2, 2, 2, 3, 3, 1453, 2237, 82463, 1865130781, 1153785393767 ] ],
    [ 146, [ 2, 2, 2, 2, 2, 2, 2, 2, 2, 2, 2, 2, 2, 2, 2, 2, 2, 3, 113, 200376082339, 38211242610420958201 ] ],
    [ 147, [ 2, 2, 2, 2, 2, 2, 2, 2, 2, 2, 2, 2, 2, 2, 2, 2, 3, 3, 1153595076679834842156990871464433 ] ],
    [ 148, [ 2, 2, 2, 2, 2, 2, 2, 2, 2, 2, 2, 2, 2, 2, 2, 2, 3, 17, 367, 4681423, 79910969, 2965545206794019 ] ],
    [ 149, [ 2, 2, 2, 2, 2, 2, 2, 2, 2, 2, 2, 2, 2, 2, 2, 2, 2, 3, 3, 1221825739417, 1888306390512606918229 ] ],
    [ 150, [ 3, 5, 5, 941, 4379533, 121996773308369, 144356485999013 ] ],
    [ 151, [ 71, 153332478009325212483201456843971695111 ] ],
    [ 152, [ 2, 2, 2, 2, 2, 2, 2, 17, 284447, 2510424342847133, 14012456717849861 ] ],
    [ 153, [ 2, 2, 2, 2, 3, 167, 521, 11829002149, 881469510977274620390237 ] ],
    [ 154, [ 2, 2, 2, 2, 2, 3, 19, 1949, 11124361613440909, 2202258191418323209 ] ],
    [ 155, [ 2, 2, 2, 2, 2, 3, 3, 19, 1912164458712257, 16647071382512924166503 ] ],
    [ 156, [ 2, 2, 2, 2, 2, 2, 2, 2, 2, 3, 3, 29, 73, 421, 257535879787, 329370858610672730513 ] ],
    [ 157, [ 2, 2, 2, 2, 2, 2, 2, 2, 3, 7, 3659, 140626742699, 251870856976904330213021 ] ],
    [ 158, [ 2, 2, 2, 2, 2, 2, 2, 2, 3, 1301, 2703199, 515917357352405801849180930609 ] ],
    [ 159, [ 2, 2, 2, 2, 2, 2, 2, 2, 3, 30817, 8017231599694001, 14687566075678484273 ] ],
    [ 160, [ 2, 2, 2, 2, 2, 2, 2, 2, 2, 2, 2, 2, 2, 2, 2, 17, 61, 1701911, 655371317, 147062532975707094709 ] ],
    [ 161, [ 2, 2, 2, 2, 2, 2, 2, 2, 2, 2, 2, 2, 2, 5, 7, 38879993884948539538181622644474080537 ] ],
    [ 162, [ 2, 2, 2, 2, 2, 2, 2, 2, 2, 2, 2, 2, 2, 2, 3, 5, 173, 1699, 308647428412377406166233889531821 ] ],
    [ 163, [ 2, 2, 2, 2, 2, 2, 2, 2, 2, 2, 2, 2, 2, 2, 3, 5, 5, 13968473, 2597839854097528785504493583519 ] ],
    [ 164, [ 2, 2, 2, 2, 2, 2, 2, 2, 2, 2, 2, 2, 2, 2, 2, 2, 2, 2, 3, 29, 1061, 65651303640929, 56137590085272034849 ] ],
    [ 165, [ 2, 2, 2, 2, 2, 2, 2, 2, 2, 2, 2, 2, 2, 2, 2, 2, 2, 3, 3, 17, 4639, 108089, 271483, 65335764446898274517423 ] ],
    [ 166, [ 2, 2, 2, 2, 2, 2, 2, 2, 2, 2, 2, 2, 2, 2, 2, 2, 3, 3, 604794136879589963211033782489824869019 ] ],
    [ 167, [ 2, 2, 2, 2, 2, 2, 2, 2, 2, 2, 2, 2, 2, 2, 2, 2, 3, 43, 15771407, 39317924051873, 136090722552022939 ] ],
    [ 168, [ 2, 2, 2, 2, 2, 2, 2, 2, 2, 2, 2, 2, 2, 2, 2, 2, 2, 2, 2, 2, 2, 2, 2, 2, 3, 22189, 53343690683, 23951151962958583416013 ] ],
    [ 169, [ 3, 13, 2107792475359, 34715630510841840214790396720201 ] ],
    [ 170, [ 23, 197, 2194464495578676649, 574016082679634035835059 ] ],
    [ 171, [ 2, 3, 7, 71, 649246537, 5896014838158292477277986621913459 ] ],
    [ 172, [ 2, 2, 3, 13, 7071587, 14500007, 1427234440340938077145932656111 ] ],
    [ 173, [ 2, 2, 2, 3, 3, 23, 23, 89, 131, 12120682312261, 8483159725602256940140711 ] ],
    [ 174, [ 2, 2, 2, 2, 3, 3, 7, 7, 37, 317, 443, 8999, 10098631, 256765841807, 106744636502267 ] ],
    [ 175, [ 2, 2, 2, 2, 2, 3, 3, 613237927, 708559348423318111, 1459468718453935663 ] ],
    [ 176, [ 2, 2, 2, 2, 2, 2, 3, 5, 5, 53, 89, 9247945012796995399, 1744493408191636352563 ] ],
    [ 177, [ 2, 2, 2, 2, 2, 2, 2, 3, 82274676964890471307, 23123493198605727023176649 ] ],
    [ 178, [ 2, 2, 2, 2, 2, 2, 2, 2, 2, 3, 29, 290714287, 1596572993, 1609056073, 43920216598248083 ] ],
    [ 179, [ 2, 2, 2, 2, 2, 2, 2, 2, 2, 2, 7, 3251, 125399042641528187825557241673646368683383 ] ],
    [ 180, [ 2, 2, 2, 2, 2, 2, 2, 2, 2, 2, 2, 3, 7, 2153, 2513104190022850273, 25115081002751795950099 ] ],
    [ 181, [ 2, 2, 2, 2, 2, 2, 2, 2, 2, 2, 2, 2, 3, 31, 11812618319, 2597636951446413843684960091600193 ] ],
    [ 182, [ 2, 2, 2, 2, 2, 2, 2, 2, 2, 2, 2, 2, 2, 3, 13, 13, 17, 113, 9931, 295038328655194345897008711535886033 ] ],
    [ 183, [ 2, 2, 2, 2, 2, 2, 2, 2, 2, 2, 2, 2, 2, 2, 3, 3, 347, 37243, 57149, 290910667, 1475777871605793877672567 ] ],
    [ 184, [ 2, 2, 2, 2, 2, 2, 2, 2, 2, 2, 2, 2, 2, 2, 2, 3, 3, 7, 263, 733, 6541294112299491899, 35920397949513854507 ] ],
    [ 185, [ 2, 2, 2, 2, 2, 2, 2, 2, 2, 2, 2, 2, 2, 2, 2, 2, 2, 3, 3, 5, 13, 149, 1777, 251171, 2430907980901709, 15087131928657311 ] ],
    [ 186, [ 2, 2, 2, 2, 2, 2, 2, 2, 2, 2, 2, 2, 2, 2, 2, 2, 3, 62893507265609, 30248675210789773042327593447757 ] ],
    [ 187, [ 2, 2, 2, 2, 2, 2, 2, 2, 2, 2, 2, 2, 2, 2, 2, 2, 2, 3, 5, 380488329078775052840440575070400289991081649 ] ],
    [ 188, [ 3, 498712711436650052014297317918841967313801308624213 ] ],
    [ 189, [ 79, 37876842545694873500710079516136208893909803290883 ] ],
    [ 190, [ 2, 2, 2, 19, 41, 17523321059, 1891116667351437457, 28977962234963867063 ] ],
    [ 191, [ 2, 2, 47, 179, 1097141, 160677433132357, 2017581022193136743664401203 ] ],
    [ 192, [ 2, 2, 2, 2, 4283, 10637782195699, 32837433825897829593015128559860771 ] ],
    [ 193, [ 2, 2, 2, 2, 23, 19603, 153450688766801, 595455387833389, 72632183296396487 ] ],
    [ 194, [ 2, 2, 2, 2, 2, 2, 2, 2, 19, 31, 107, 229, 397, 65280229026177363586136070373695777860729 ] ],
    [ 195, [ 2, 2, 2, 2, 2, 2, 13, 17, 157, 19543, 4412784626449743877089370052262976758628483 ] ],
    [ 196, [ 2, 2, 2, 2, 2, 2, 2, 2, 2, 1319, 1823, 55065851, 748715623, 72768167567, 103696217793235523 ] ],
    [ 197, [ 2, 2, 2, 2, 2, 2, 2, 2, 2, 19, 2730519635767365144890983, 28838012930678466930747427 ] ],
    [ 198, [ 2, 2, 2, 2, 2, 2, 2, 2, 2, 2, 2, 2, 13, 2664465049, 110021295266609, 98146153555763975415739339 ] ],
    [ 199, [ 2, 2, 2, 2, 2, 2, 2, 2, 2, 2, 2, 17, 732825200211649, 2718064407543503, 44182829005738783403 ] ],
    [ 200, [ 2, 2, 2, 2, 2, 2, 2, 2, 2, 2, 2, 2, 2, 29, 3102877, 103107904243, 80626394411159599173799325238707 ] ]
]
