c:\sys\ut\rpn\rpn.py -l120 -a200 1 200 range 15 k_fibonacci factor -E 1 enumerate -s1
[
    [ 1, [ 0 ] ],
    [ 2, [ 0 ] ],
    [ 3, [ 0 ] ],
    [ 4, [ 0 ] ],
    [ 5, [ 0 ] ],
    [ 6, [ 0 ] ],
    [ 7, [ 0 ] ],
    [ 8, [ 0 ] ],
    [ 9, [ 0 ] ],
    [ 10, [ 0 ] ],
    [ 11, [ 0 ] ],
    [ 12, [ 0 ] ],
    [ 13, [ 0 ] ],
    [ 14, [ 1 ] ],
    [ 15, [ 1 ] ],
    [ 16, [ 2 ] ],
    [ 17, [ 2, 2 ] ],
    [ 18, [ 2, 2, 2 ] ],
    [ 19, [ 2, 2, 2, 2 ] ],
    [ 20, [ 2, 2, 2, 2, 2 ] ],
    [ 21, [ 2, 2, 2, 2, 2, 2 ] ],
    [ 22, [ 2, 2, 2, 2, 2, 2, 2 ] ],
    [ 23, [ 2, 2, 2, 2, 2, 2, 2, 2 ] ],
    [ 24, [ 2, 2, 2, 2, 2, 2, 2, 2, 2 ] ],
    [ 25, [ 2, 2, 2, 2, 2, 2, 2, 2, 2, 2 ] ],
    [ 26, [ 2, 2, 2, 2, 2, 2, 2, 2, 2, 2, 2 ] ],
    [ 27, [ 2, 2, 2, 2, 2, 2, 2, 2, 2, 2, 2, 2 ] ],
    [ 28, [ 2, 2, 2, 2, 2, 2, 2, 2, 2, 2, 2, 2, 2 ] ],
    [ 29, [ 2, 2, 2, 2, 2, 2, 2, 2, 2, 2, 2, 2, 2, 2 ] ],
    [ 30, [ 7, 31, 151 ] ],
    [ 31, [ 13, 71, 71 ] ],
    [ 32, [ 2, 2, 2, 3, 43, 127 ] ],
    [ 33, [ 2, 2, 19, 3449 ] ],
    [ 34, [ 2, 2, 2, 2, 5, 6553 ] ],
    [ 35, [ 2, 2, 2, 2, 3, 3, 3, 3, 809 ] ],
    [ 36, [ 2, 2, 2, 2, 2, 2, 2, 2, 8191 ] ],
    [ 37, [ 2, 2, 2, 2, 2, 2, 7, 11, 23, 37 ] ],
    [ 38, [ 2, 2, 2, 2, 2, 2, 2, 2, 3, 67, 163 ] ],
    [ 39, [ 2, 2, 2, 2, 2, 2, 2, 2, 5, 5, 2621 ] ],
    [ 40, [ 2, 2, 2, 2, 2, 2, 2, 2, 2, 2, 2, 16381 ] ],
    [ 41, [ 2, 2, 2, 2, 2, 2, 2, 2, 2, 2, 3, 21841 ] ],
    [ 42, [ 2, 2, 2, 2, 2, 2, 2, 2, 2, 2, 2, 2, 181, 181 ] ],
    [ 43, [ 2, 2, 2, 2, 2, 2, 2, 2, 2, 2, 2, 2, 65521 ] ],
    [ 44, [ 2, 2, 2, 2, 2, 2, 2, 2, 2, 2, 2, 2, 2, 2, 2, 2, 2, 3, 3, 5, 7, 13 ] ],
    [ 45, [ 2, 2, 2, 2, 2, 2, 2, 2, 2, 2, 2, 2, 2, 2, 65519 ] ],
    [ 46, [ 3, 5, 5, 28625251 ] ],
    [ 47, [ 4293722117 ] ],
    [ 48, [ 2, 5, 858731317 ] ],
    [ 49, [ 2, 2, 2, 3, 557, 1284737 ] ],
    [ 50, [ 2, 2, 2, 2, 2, 131, 8193751 ] ],
    [ 51, [ 2, 2, 2, 2, 5, 11, 78062909 ] ],
    [ 52, [ 2, 2, 2, 2, 2, 3, 1431131489 ] ],
    [ 53, [ 2, 2, 2, 2, 2, 2, 2, 2, 5, 41, 1361, 3847 ] ],
    [ 54, [ 2, 2, 2, 2, 2, 2, 2, 2, 11, 29, 433, 15541 ] ],
    [ 55, [ 2, 2, 2, 2, 2, 2, 2, 2, 3, 1431065963 ] ],
    [ 56, [ 2, 2, 2, 2, 2, 2, 2, 2, 2, 5, 19, 2741, 16487 ] ],
    [ 57, [ 2, 2, 2, 2, 2, 2, 2, 2, 2, 2, 2, 2146533421 ] ],
    [ 58, [ 2, 2, 2, 2, 2, 2, 2, 2, 2, 2, 2, 2, 2, 2, 3, 5, 43, 127, 6551 ] ],
    [ 59, [ 2, 2, 2, 2, 2, 2, 2, 2, 2, 2, 2, 2, 17077, 251387 ] ],
    [ 60, [ 2, 2, 2, 2, 2, 2, 2, 2, 2, 2, 2, 2, 2, 19, 109, 601, 3449 ] ],
    [ 61, [ 2, 2, 2, 2, 2, 2, 2, 2, 2, 2, 2, 2, 2, 2, 2, 2, 2, 3, 5, 353, 101341 ] ],
    [ 62, [ 3, 3, 3, 5, 7, 7, 137, 155215121 ] ],
    [ 63, [ 1282783, 219308071 ] ],
    [ 64, [ 2, 2, 2, 2, 2, 7, 23, 109208218783 ] ],
    [ 65, [ 2, 2, 2, 140658038996977 ] ],
    [ 66, [ 2, 2, 2, 2, 3, 5, 31, 31, 787, 12398483 ] ],
    [ 67, [ 2, 2, 2, 2, 5, 241, 49139, 4750813 ] ],
    [ 68, [ 2, 2, 2, 2, 2, 2, 2, 2, 2, 127, 138436612999 ] ],
    [ 69, [ 2, 2, 2, 2, 2, 2, 2, 2, 7, 2099, 4057, 1179757 ] ],
    [ 70, [ 2, 2, 2, 2, 2, 2, 2, 2, 3, 18143, 2584050883 ] ],
    [ 71, [ 2, 2, 2, 2, 2, 2, 2, 2, 3, 5, 5, 7, 2621, 204422389 ] ],
    [ 72, [ 2, 2, 2, 2, 2, 2, 2, 2, 2, 2, 2, 2, 2, 2, 5, 13, 211, 787, 814381 ] ],
    [ 73, [ 2, 2, 2, 2, 2, 2, 2, 2, 2, 2, 2, 1787, 78702219257 ] ],
    [ 74, [ 2, 2, 2, 2, 2, 2, 2, 2, 2, 2, 2, 2, 449, 50723, 6175237 ] ],
    [ 75, [ 2, 2, 2, 2, 2, 2, 2, 2, 2, 2, 2, 2, 3, 19, 4934616591007 ] ],
    [ 76, [ 2, 2, 2, 2, 2, 2, 2, 2, 2, 2, 2, 2, 2, 2, 2, 2, 2, 2, 5, 7, 19, 47, 67, 131, 179, 179 ] ],
    [ 77, [ 2, 2, 2, 2, 2, 2, 2, 2, 2, 2, 2, 2, 2, 2, 2, 2, 2, 5, 3761, 9337, 200237 ] ],
    [ 78, [ 5, 5, 5, 5, 11, 8291, 161688340049 ] ],
    [ 79, [ 3, 3, 3, 3, 227560389522787897 ] ],
    [ 80, [ 2, 29, 151, 8369, 502952007499 ] ],
    [ 81, [ 2, 2, 5, 59, 157, 3539, 112451745127 ] ],
    [ 82, [ 2, 2, 2, 5, 19, 122833, 372481, 4240519 ] ],
    [ 83, [ 2, 2, 2, 2, 2, 5, 7, 463, 4957, 114724777459 ] ],
    [ 84, [ 2, 2, 2, 2, 2, 2, 3, 3071830832070524977 ] ],
    [ 85, [ 2, 2, 2, 2, 2, 2, 2, 19, 73, 174989, 37968611119 ] ],
    [ 86, [ 2, 2, 2, 2, 2, 2, 2, 2, 2, 5, 13, 13, 47, 1063, 25667, 4252187 ] ],
    [ 87, [ 2, 2, 2, 2, 2, 2, 2, 2, 5, 3686028221718003899 ] ],
    [ 88, [ 2, 2, 2, 2, 2, 2, 2, 2, 2, 3, 5, 107839807, 11393356087 ] ],
    [ 89, [ 2, 2, 2, 2, 2, 2, 2, 2, 2, 2, 11, 823, 8101, 251295233489 ] ],
    [ 90, [ 2, 2, 2, 2, 2, 2, 2, 2, 2, 2, 2, 7, 7, 41, 9173368473566491 ] ],
    [ 91, [ 2, 2, 2, 2, 2, 2, 2, 2, 2, 2, 2, 2, 2, 2, 5, 11173, 82471207331287 ] ],
    [ 92, [ 2, 2, 2, 2, 2, 2, 2, 2, 2, 2, 2, 2, 2, 2, 2, 5, 5, 184287347213965759 ] ],
    [ 93, [ 2, 2, 2, 2, 2, 2, 2, 2, 2, 2, 2, 2, 2, 2, 2, 2, 3, 3, 3, 3, 3, 5, 43, 88182857004673 ] ],
    [ 94, [ 5, 7, 17, 6837317, 10318013, 14385781 ] ],
    [ 95, [ 1207690260682813671276533 ] ],
    [ 96, [ 2, 2, 2, 31, 367, 40471, 273857, 2394381809 ] ],
    [ 97, [ 2, 2, 7, 29, 47, 293, 431997059839703053 ] ],
    [ 98, [ 2, 2, 2, 2, 2, 3, 3, 17, 733, 2692032397070113619 ] ],
    [ 99, [ 2, 2, 2, 2, 2, 11, 167, 17373079, 18919650261289 ] ],
    [ 100, [ 2, 2, 2, 2, 2, 2, 2, 2, 2, 2, 1051, 35906223327330418801 ] ],
    [ 101, [ 2, 2, 2, 2, 2, 2, 2, 7, 47, 239, 107516327, 71419627327 ] ],
    [ 102, [ 2, 2, 2, 2, 2, 2, 2, 2, 3, 47, 197, 44579, 487599788704183 ] ],
    [ 103, [ 2, 2, 2, 2, 2, 2, 2, 2, 23, 167, 314382403456801777763 ] ],
    [ 104, [ 2, 2, 2, 2, 2, 2, 2, 2, 2, 2, 2, 7, 241, 670627, 266833160468363 ] ],
    [ 105, [ 2, 2, 2, 2, 2, 2, 2, 2, 2, 2, 17, 43, 1174507, 15292789, 91966487 ] ],
    [ 106, [ 2, 2, 2, 2, 2, 2, 2, 2, 2, 2, 2, 2, 2, 2, 19, 18979, 418567725457621039 ] ],
    [ 107, [ 2, 2, 2, 2, 2, 2, 2, 2, 2, 2, 2, 2, 2, 2, 3, 139, 967, 153730243, 4869610099 ] ],
    [ 108, [ 2, 2, 2, 2, 2, 2, 2, 2, 2, 2, 2, 2, 2, 2, 2, 2, 2, 2, 7, 47, 114689462879106875789 ] ],
    [ 109, [ 2, 2, 2, 2, 2, 2, 2, 2, 2, 2, 2, 2, 2, 2, 2, 2, 103, 314457259, 9319742778719 ] ],
    [ 110, [ 3, 307, 7307, 5879052463499303819803 ] ],
    [ 111, [ 17333, 8123543, 561966231881945071 ] ],
    [ 112, [ 2, 3, 3, 5, 103, 3491226198827, 4889844919657 ] ],
    [ 113, [ 2, 2, 2, 2, 173, 3929, 12721, 6223783, 367580416849 ] ],
    [ 114, [ 2, 2, 2, 2, 2, 2, 2, 89, 3644999, 15244112763235669627 ] ],
    [ 115, [ 2, 2, 2, 2, 2, 7, 17, 607, 213075829, 2570414083959497 ] ],
    [ 116, [ 2, 2, 2, 2, 2, 2, 3, 23, 89, 3467, 18583, 99155983, 1008413411 ] ],
    [ 117, [ 2, 2, 2, 2, 2, 2, 2, 2, 211241, 93637856658264479917627 ] ],
    [ 118, [ 2, 2, 2, 2, 2, 2, 2, 2, 5, 5, 5, 7967461, 355883267, 111613189339 ] ],
    [ 119, [ 2, 2, 2, 2, 2, 2, 2, 2, 3, 3, 2999, 2931280901387139852145937 ] ],
    [ 120, [ 2, 2, 2, 2, 2, 2, 2, 2, 2, 1100250857, 71908142385530969867 ] ],
    [ 121, [ 2, 2, 2, 2, 2, 2, 2, 2, 2, 2, 2, 2, 2, 3, 3, 127730021453, 8602757388746393 ] ],
    [ 122, [ 2, 2, 2, 2, 2, 2, 2, 2, 2, 2, 2, 2, 2, 2, 2, 7, 17, 41, 182339, 669608237, 8300521363 ] ],
    [ 123, [ 2, 2, 2, 2, 2, 2, 2, 2, 2, 2, 2, 2, 2, 2, 19778343205597341719139853021 ] ],
    [ 124, [ 2, 2, 2, 2, 2, 2, 2, 2, 2, 2, 2, 2, 2, 2, 2, 29, 311, 2819, 3803, 1141087, 179260554113 ] ],
    [ 125, [ 2, 2, 2, 2, 2, 2, 2, 2, 2, 2, 2, 2, 2, 2, 2, 2, 2, 3, 3, 5, 19, 151091, 99053989, 772805094409 ] ],
    [ 126, [ 3, 7, 173, 1021, 184831, 205879, 226381, 81126356687 ] ],
    [ 127, [ 1171, 6451, 7128168599, 96281182813475071 ] ],
    [ 128, [ 2, 2, 2, 2, 2, 2, 2, 7, 17, 680721947995171561865887937209 ] ],
    [ 129, [ 2, 2, 2, 2, 1296074807620720986767724970835917 ] ],
    [ 130, [ 2, 2, 2, 2, 2, 3, 3, 631, 1321, 15217, 11353237259980640952943 ] ],
    [ 131, [ 2, 2, 2, 2, 2, 4973, 521228733481709740115965517473 ] ],
    [ 132, [ 2, 2, 2, 2, 2, 2, 2, 2, 2, 564127, 1821121, 315380257937917784581 ] ],
    [ 133, [ 2, 2, 2, 2, 2, 2, 2, 2, 19, 97, 703198961037124066111813846307 ] ],
    [ 134, [ 2, 2, 2, 2, 2, 2, 2, 2, 3, 7, 259453, 2067557171, 230086641131169899 ] ],
    [ 135, [ 2, 2, 2, 2, 2, 2, 2, 2, 3, 41, 79, 583190869644737, 914760432938903 ] ],
    [ 136, [ 2, 2, 2, 2, 2, 2, 2, 2, 2, 2, 2, 2, 2, 2, 2, 639307, 38196043, 3316926549531689387 ] ],
    [ 137, [ 2, 2, 2, 2, 2, 2, 2, 2, 2, 2, 2, 2, 2, 5, 47, 2757269292749709126811934743681 ] ],
    [ 138, [ 2, 2, 2, 2, 2, 2, 2, 2, 2, 2, 2, 2, 2, 2, 9433, 68689536146893375319537821661 ] ],
    [ 139, [ 2, 2, 2, 2, 2, 2, 2, 2, 2, 2, 2, 2, 2, 2, 3, 3, 5, 17, 921737, 182116143659, 10091294569819 ] ],
    [ 140, [ 2, 2, 2, 2, 2, 2, 2, 2, 2, 2, 2, 2, 2, 2, 2, 2, 2, 2, 161982154070342736299096445103379 ] ],
    [ 141, [ 2, 2, 2, 2, 2, 2, 2, 2, 2, 2, 2, 2, 2, 2, 2, 2, 2, 937906691551981, 690813631300037831 ] ],
    [ 142, [ 5, 11, 13, 1753, 135508291169414844073824193260059 ] ],
    [ 143, [ 37, 400962956829767557, 22896611632887105689 ] ],
    [ 144, [ 2, 3, 73, 167, 443, 1461079, 14349360763682104765828697 ] ],
    [ 145, [ 2, 2, 11, 13, 181, 14629, 897087251205616901866407937627 ] ],
    [ 146, [ 2, 2, 2, 79, 239, 109988839, 163562484424120899732882847 ] ],
    [ 147, [ 2, 2, 2, 2, 5, 11863, 382532922307, 14969845818608017255223 ] ],
    [ 148, [ 2, 2, 2, 2, 2, 3, 1579, 2039, 35166038030265180550849211847881 ] ],
    [ 149, [ 2, 2, 2, 2, 2, 2, 429119, 66651255215851, 11875484762051028191 ] ],
    [ 150, [ 2, 2, 2, 2, 2, 2, 2, 5, 5, 353, 38487179124781357482625743425811569 ] ],
    [ 151, [ 2, 2, 2, 2, 2, 2, 2, 2, 2, 1091, 24633229, 41145539939173, 153576692620177 ] ],
    [ 152, [ 2, 2, 2, 2, 2, 2, 2, 2, 2, 2, 5, 3907, 8693089024988640133987315825287581 ] ],
    [ 153, [ 2, 2, 2, 2, 2, 2, 2, 2, 2, 2, 2, 3, 5, 7, 11, 11, 88695795379, 150696516195659900895101 ] ],
    [ 154, [ 2, 2, 2, 2, 2, 2, 2, 2, 2, 2, 2, 2, 276839, 379195529, 1617647184424445741847853 ] ],
    [ 155, [ 2, 2, 2, 2, 2, 2, 2, 2, 2, 2, 2, 2, 2, 13, 142403, 91728684801054211552577803981247 ] ],
    [ 156, [ 2, 2, 2, 2, 2, 2, 2, 2, 2, 2, 2, 2, 2, 2, 11, 17, 71329, 2093699, 6080496483707979722139097 ] ],
    [ 157, [ 2, 2, 2, 2, 2, 2, 2, 2, 2, 2, 2, 2, 2, 2, 2, 3, 5, 5, 5, 5, 37, 2447661770566400368181113212363331 ] ],
    [ 158, [ 5, 7, 569, 7979809603133, 70025281461155247063848801 ] ],
    [ 159, [ 3, 79987, 92749250181065935062899034468602733749 ] ],
    [ 160, [ 2, 2, 2, 3, 3, 19, 19, 23, 31, 109, 22035287010604343229212069610758651 ] ],
    [ 161, [ 2, 2, 59, 71, 103, 691, 2239, 33339423642177633992069924081521 ] ],
    [ 162, [ 2, 2, 2, 2, 5, 127, 6719, 618586399, 34678440991, 121580210613588871 ] ],
    [ 163, [ 2, 2, 2, 2, 5, 37, 107, 1124265932405289354639873630139005285469 ] ],
    [ 164, [ 2, 2, 2, 2, 2, 2, 2, 2, 7, 11, 43, 150583467907, 5579450978283646777895694067 ] ],
    [ 165, [ 2, 2, 2, 2, 2, 2, 3, 61, 67, 113, 51927431, 3060538395769, 101067679542311159 ] ],
    [ 166, [ 2, 2, 2, 2, 2, 2, 2, 2, 2, 2797, 24336121664576616299, 81733641051107224639 ] ],
    [ 167, [ 2, 2, 2, 2, 2, 2, 2, 2, 2, 5, 11, 31, 103, 2297, 8581, 140005100111, 22959566617124830283 ] ],
    [ 168, [ 2, 2, 2, 2, 2, 2, 2, 2, 2, 2, 2, 2, 5, 13, 23, 9260423301983872831, 200922880756022899951 ] ],
    [ 169, [ 2, 2, 2, 2, 2, 2, 2, 2, 2, 2, 2, 5, 491737, 529303747255897, 8549622330323415708833 ] ],
    [ 170, [ 2, 2, 2, 2, 2, 2, 2, 2, 2, 2, 2, 2, 2, 3, 3, 618124072854387035857536409428396266905769 ] ],
    [ 171, [ 2, 2, 2, 2, 2, 2, 2, 2, 2, 2, 2, 2, 2, 2797, 59954009, 71914433, 922602821528164450158101 ] ],
    [ 172, [ 2, 2, 2, 2, 2, 2, 2, 2, 2, 2, 2, 2, 2, 2, 2, 2, 2, 2, 2, 3, 5, 23178945188610908902012621636112806346933 ] ],
    [ 173, [ 2, 2, 2, 2, 2, 2, 2, 2, 2, 2, 2, 2, 2, 2, 2, 3, 5, 17, 211, 727, 79777147, 3565272505027622714208276427 ] ],
    [ 174, [ 5, 19, 28663, 267766554788378347383065424813209007871897 ] ],
    [ 175, [ 7, 41205994882747, 5055527798555500537111879384820569 ] ],
    [ 176, [ 2, 1999, 729466789552226058707756114790444314500152631 ] ],
    [ 177, [ 2, 2, 2, 3, 3, 3, 7, 29, 467, 141163391, 442832149, 4556630230411368093047941 ] ],
    [ 178, [ 2, 2, 2, 2, 2, 11, 33139990945628092241750320878186940640850575399 ] ],
    [ 179, [ 2, 2, 2, 2, 3, 17, 271, 6133, 34466441, 499102288651479252423338678987077 ] ],
    [ 180, [ 2, 2, 2, 2, 2, 31, 1307, 35987735820989507043809302930435598735577937 ] ],
    [ 181, [ 2, 2, 2, 2, 2, 2, 2, 2, 2, 13, 13, 17, 197, 13346747, 103407311139012457, 233327895568062083 ] ],
    [ 182, [ 2, 2, 2, 2, 2, 2, 2, 2, 2, 3, 32719, 1156847, 12319913, 365615947237, 712670175949809983 ] ],
    [ 183, [ 2, 2, 2, 2, 2, 2, 2, 2, 2, 729024165391760821158451416235993238096895742819 ] ],
    [ 184, [ 2, 2, 2, 2, 2, 2, 2, 2, 2, 2, 3, 3, 3, 29, 277, 3361195433737767954619362143102918336438629 ] ],
    [ 185, [ 2, 2, 2, 2, 2, 2, 2, 2, 2, 2, 2, 2, 7, 3119, 797557, 20932616940407493631440219738753248717 ] ],
    [ 186, [ 2, 2, 2, 2, 2, 2, 2, 2, 2, 2, 2, 2, 2, 2, 2, 2, 458993, 131689279, 753781673619318308243001440836831 ] ],
    [ 187, [ 2, 2, 2, 2, 2, 2, 2, 2, 2, 2, 2, 2, 2, 3, 3, 7, 1427, 1733, 10427, 3803369, 117984373201731677905379431357 ] ],
    [ 188, [ 2, 2, 2, 2, 2, 2, 2, 2, 2, 2, 2, 2, 2, 2, 3, 41, 941, 274733741, 5989752217, 3827306040018646880965253 ] ],
    [ 189, [ 2, 2, 2, 2, 2, 2, 2, 2, 2, 2, 2, 2, 2, 2, 2, 2, 2, 3, 3, 3, 11, 1021, 1436999, 368047957, 1136315927480084417597003807 ] ],
    [ 190, [ 7, 101, 15541, 70921, 61305894219249993905496260453394182024729 ] ],
    [ 191, [ 5, 7, 17, 23, 53, 1201, 1571, 450503299875494149, 154974763899892925554127 ] ],
    [ 192, [ 2, 2, 2, 2, 2, 3, 3, 3, 3, 3, 3, 22943, 3788138797, 3791359987, 24858422991671910599287607 ] ],
    [ 193, [ 2, 2, 2, 3, 3, 3, 5, 593, 17327, 34438460896579971777293143800495752386834931 ] ],
    [ 194, [ 2, 2, 2, 2, 13, 229, 19834783, 15860567083297, 51006314404471535014669702591 ] ],
    [ 195, [ 2, 2, 2, 2, 11, 3251, 33029, 80884858576910662438677065836194632778768577 ] ],
    [ 196, [ 2, 2, 2, 2, 2, 2, 2, 2, 2, 2, 3, 967, 15330311140381020276239, 67130055365375462806071833 ] ],
    [ 197, [ 2, 2, 2, 2, 2, 2, 2, 2, 2, 639147671, 19765135952067445963, 945296499663094230679747 ] ],
    [ 198, [ 2, 2, 2, 2, 2, 2, 2, 2, 2, 5, 17, 227, 137170945319, 9023718092609708257717939923762630109 ] ],
    [ 199, [ 2, 2, 2, 2, 2, 2, 2, 2, 2, 2357, 20265448443429754970896994191817411016985169309003 ] ],
    [ 200, [ 2, 2, 2, 2, 2, 2, 2, 2, 2, 2, 2, 2, 2, 2, 2, 2, 317, 6689, 48710905196431, 7225743490173092069294849637571 ] ]
]
