c:\sys\ut\rpn\rpn.py -l120 -a200 1 200 range 14 k_fibonacci factor -E 1 enumerate -s1
[
    [ 1, [ 0 ] ],
    [ 2, [ 0 ] ],
    [ 3, [ 0 ] ],
    [ 4, [ 0 ] ],
    [ 5, [ 0 ] ],
    [ 6, [ 0 ] ],
    [ 7, [ 0 ] ],
    [ 8, [ 0 ] ],
    [ 9, [ 0 ] ],
    [ 10, [ 0 ] ],
    [ 11, [ 0 ] ],
    [ 12, [ 0 ] ],
    [ 13, [ 1 ] ],
    [ 14, [ 1 ] ],
    [ 15, [ 2 ] ],
    [ 16, [ 2, 2 ] ],
    [ 17, [ 2, 2, 2 ] ],
    [ 18, [ 2, 2, 2, 2 ] ],
    [ 19, [ 2, 2, 2, 2, 2 ] ],
    [ 20, [ 2, 2, 2, 2, 2, 2 ] ],
    [ 21, [ 2, 2, 2, 2, 2, 2, 2 ] ],
    [ 22, [ 2, 2, 2, 2, 2, 2, 2, 2 ] ],
    [ 23, [ 2, 2, 2, 2, 2, 2, 2, 2, 2 ] ],
    [ 24, [ 2, 2, 2, 2, 2, 2, 2, 2, 2, 2 ] ],
    [ 25, [ 2, 2, 2, 2, 2, 2, 2, 2, 2, 2, 2 ] ],
    [ 26, [ 2, 2, 2, 2, 2, 2, 2, 2, 2, 2, 2, 2 ] ],
    [ 27, [ 2, 2, 2, 2, 2, 2, 2, 2, 2, 2, 2, 2, 2 ] ],
    [ 28, [ 3, 43, 127 ] ],
    [ 29, [ 5, 6553 ] ],
    [ 30, [ 2, 2, 2, 8191 ] ],
    [ 31, [ 2, 2, 3, 67, 163 ] ],
    [ 32, [ 2, 2, 2, 2, 16381 ] ],
    [ 33, [ 2, 2, 2, 2, 181, 181 ] ],
    [ 34, [ 2, 2, 2, 2, 2, 2, 2, 2, 3, 3, 5, 7, 13 ] ],
    [ 35, [ 2, 2, 2, 2, 2, 2, 17, 41, 47 ] ],
    [ 36, [ 2, 2, 2, 2, 2, 2, 2, 2, 11, 1489 ] ],
    [ 37, [ 2, 2, 2, 2, 2, 2, 2, 2, 3, 61, 179 ] ],
    [ 38, [ 2, 2, 2, 2, 2, 2, 2, 2, 2, 2, 2, 19, 431 ] ],
    [ 39, [ 2, 2, 2, 2, 2, 2, 2, 2, 2, 2, 5, 6551 ] ],
    [ 40, [ 2, 2, 2, 2, 2, 2, 2, 2, 2, 2, 2, 2, 3, 53, 103 ] ],
    [ 41, [ 2, 2, 2, 2, 2, 2, 2, 2, 2, 2, 2, 2, 7, 4679 ] ],
    [ 42, [ 2, 2, 2, 2, 2, 2, 2, 2, 2, 2, 2, 2, 2, 2, 2, 2, 2, 23, 89 ] ],
    [ 43, [ 5, 7, 7, 2190173 ] ],
    [ 44, [ 3, 5, 71543467 ] ],
    [ 45, [ 2, 199, 5392559 ] ],
    [ 46, [ 2, 2, 2, 17, 17, 29, 64019 ] ],
    [ 47, [ 2, 2, 2, 2, 2, 3, 7, 31, 151, 2729 ] ],
    [ 48, [ 2, 2, 2, 2, 5, 23, 23, 405679 ] ],
    [ 49, [ 2, 2, 2, 2, 2, 5, 347, 618437 ] ],
    [ 50, [ 2, 2, 2, 2, 2, 2, 2, 2, 3, 7, 43, 127, 2339 ] ],
    [ 51, [ 2, 2, 2, 2, 2, 2, 2, 2, 21143, 25373 ] ],
    [ 52, [ 2, 2, 2, 2, 2, 2, 2, 2, 103, 10416407 ] ],
    [ 53, [ 2, 2, 2, 2, 2, 2, 2, 2, 2, 3, 5, 17, 4207283 ] ],
    [ 54, [ 2, 2, 2, 2, 2, 2, 2, 2, 2, 2, 2, 5, 7, 53, 289171 ] ],
    [ 55, [ 2, 2, 2, 2, 2, 2, 2, 2, 2, 2, 2, 2, 2, 2, 53, 149, 16981 ] ],
    [ 56, [ 2, 2, 2, 2, 2, 2, 2, 2, 2, 2, 2, 2, 3, 357586301 ] ],
    [ 57, [ 2, 2, 2, 2, 2, 2, 2, 2, 2, 2, 2, 2, 2, 7, 101, 103, 14731 ] ],
    [ 58, [ 7, 11, 109, 5581, 375203 ] ],
    [ 59, [ 13, 83, 173, 269, 449, 1559 ] ],
    [ 60, [ 2, 2, 2, 2, 2, 3, 7, 17, 6153338771 ] ],
    [ 61, [ 2, 2, 2, 11, 17, 73, 601, 2141987 ] ],
    [ 62, [ 2, 2, 2, 2, 17572862459879 ] ],
    [ 63, [ 2, 2, 2, 2, 541, 64962387983 ] ],
    [ 64, [ 2, 2, 2, 2, 2, 2, 2, 2, 2, 3, 7, 251, 416709103 ] ],
    [ 65, [ 2, 2, 2, 2, 2, 2, 2, 2, 3, 3, 3, 3, 7, 11, 19, 163, 449, 1013 ] ],
    [ 66, [ 2, 2, 2, 2, 2, 2, 2, 2, 17570716516247 ] ],
    [ 67, [ 2, 2, 2, 2, 2, 2, 2, 2, 7, 167, 991, 30333187 ] ],
    [ 68, [ 2, 2, 2, 2, 2, 2, 2, 2, 2, 2, 2, 2, 2, 2, 97, 3833, 2953469 ] ],
    [ 69, [ 2, 2, 2, 2, 2, 2, 2, 2, 2, 2, 2, 3, 3, 11, 23, 23, 335473969 ] ],
    [ 70, [ 2, 2, 2, 2, 2, 2, 2, 2, 2, 2, 2, 2, 31, 3967, 142860623 ] ],
    [ 71, [ 2, 2, 2, 2, 2, 2, 2, 2, 2, 2, 2, 2, 7, 17, 73609, 4011209 ] ],
    [ 72, [ 2, 2, 2, 2, 2, 2, 2, 2, 2, 2, 2, 2, 2, 2, 2, 2, 2, 2, 7, 11, 13, 47, 23337697 ] ],
    [ 73, [ 7, 11, 7475768863307909 ] ],
    [ 74, [ 3, 571, 672056775251161 ] ],
    [ 75, [ 2, 3, 3, 11, 6581, 1766944798439 ] ],
    [ 76, [ 2, 2, 11, 37, 139, 195137, 104276867 ] ],
    [ 77, [ 2, 2, 2, 4661233, 246957793273 ] ],
    [ 78, [ 2, 2, 2, 2, 2, 7, 2801237, 29351641817 ] ],
    [ 79, [ 2, 2, 2, 2, 2, 2, 7, 73, 67783, 16615956523 ] ],
    [ 80, [ 2, 2, 2, 2, 2, 2, 2, 7, 82215884633894359 ] ],
    [ 81, [ 2, 2, 2, 2, 2, 2, 2, 2, 2, 39659, 220931, 32840677 ] ],
    [ 82, [ 2, 2, 2, 2, 2, 2, 2, 2, 29, 151, 6779, 38771863199 ] ],
    [ 83, [ 2, 2, 2, 2, 2, 2, 2, 2, 2, 3, 11, 16538479, 2108795593 ] ],
    [ 84, [ 2, 2, 2, 2, 2, 2, 2, 2, 2, 2, 3, 11, 11, 19, 41411, 4029533659 ] ],
    [ 85, [ 2, 2, 2, 2, 2, 2, 2, 2, 2, 2, 2, 7, 13, 41, 389, 792944191229 ] ],
    [ 86, [ 2, 2, 2, 2, 2, 2, 2, 2, 2, 2, 2, 2, 2, 2, 7, 11, 32027, 116664100417 ] ],
    [ 87, [ 2, 2, 2, 2, 2, 2, 2, 2, 2, 2, 2, 2, 2, 2, 2, 7, 11, 43090669, 86707567 ] ],
    [ 88, [ 7, 7, 11, 11, 239, 12037, 1105350523829 ] ],
    [ 89, [ 223, 169086722613507257771 ] ],
    [ 90, [ 2, 2, 2, 241489, 39034063606110407 ] ],
    [ 91, [ 2, 2, 3, 3, 5, 5, 167573496807745102661 ] ],
    [ 92, [ 2, 2, 2, 2, 2, 7, 11, 2969, 399197, 103282420639 ] ],
    [ 93, [ 2, 2, 2, 2, 2, 3, 5, 7, 89, 151, 277, 10039, 12919, 371857 ] ],
    [ 94, [ 2, 2, 2, 2, 2, 2, 2, 2, 2, 2, 7, 2287, 73592556342777299 ] ],
    [ 95, [ 2, 2, 2, 2, 2, 2, 2, 7, 11, 180210011, 1358423476369 ] ],
    [ 96, [ 2, 2, 2, 2, 2, 2, 2, 2, 19, 103, 359, 47407, 299197, 1891501 ] ],
    [ 97, [ 2, 2, 2, 2, 2, 2, 2, 2, 5, 11, 22543, 1385987, 21936873769 ] ],
    [ 98, [ 2, 2, 2, 2, 2, 2, 2, 2, 2, 2, 2, 11, 13, 93601, 704074339820377 ] ],
    [ 99, [ 2, 2, 2, 2, 2, 2, 2, 2, 2, 2, 7, 11, 43, 1181, 6827, 34807, 40567309 ] ],
    [ 100, [ 2, 2, 2, 2, 2, 2, 2, 2, 2, 2, 2, 2, 2, 2, 3, 5, 7, 44873426067285104767 ] ],
    [ 101, [ 2, 2, 2, 2, 2, 2, 2, 2, 2, 2, 2, 2, 2, 2, 7, 7, 129461, 932983, 1592159221 ] ],
    [ 102, [ 2, 2, 2, 2, 2, 2, 2, 2, 2, 2, 2, 2, 2, 2, 2, 2, 2, 2, 3, 3, 7, 1367, 13676751426971117 ] ],
    [ 103, [ 7, 6530341, 2431305809, 5556165691 ] ],
    [ 104, [ 17, 17, 1275104891, 3351364443900727 ] ],
    [ 105, [ 2, 3, 3, 13, 2777, 138433, 2014819, 13627454567 ] ],
    [ 106, [ 2, 2, 2, 2, 3, 3, 7, 17, 619, 465692004899439004711 ] ],
    [ 107, [ 2, 2, 2, 2, 2, 2, 2, 5, 7, 2441, 51599, 3127753, 5597525657 ] ],
    [ 108, [ 2, 2, 2, 2, 2, 5, 7, 31499921, 560021717970157799 ] ],
    [ 109, [ 2, 2, 2, 2, 2, 2, 3, 7, 11, 11, 31, 149, 52603724151053863771 ] ],
    [ 110, [ 2, 2, 2, 2, 2, 2, 2, 2, 7, 11, 17, 23, 10253175268111340380169 ] ],
    [ 111, [ 2, 2, 2, 2, 2, 2, 2, 2, 3, 13, 46901, 206233, 1636581852124147 ] ],
    [ 112, [ 2, 2, 2, 2, 2, 2, 2, 2, 43, 28713813855257590735405981 ] ],
    [ 113, [ 2, 2, 2, 2, 2, 2, 2, 2, 2, 7, 176379471399493052588131877 ] ],
    [ 114, [ 2, 2, 2, 2, 2, 2, 2, 2, 2, 2, 2, 2, 2, 3, 7, 7, 61, 67, 107, 1607, 1493898885754621 ] ],
    [ 115, [ 2, 2, 2, 2, 2, 2, 2, 2, 2, 2, 2, 2, 2, 2, 2, 3, 7, 62933867, 58384271067711389 ] ],
    [ 116, [ 2, 2, 2, 2, 2, 2, 2, 2, 2, 2, 2, 2, 2, 2, 5, 7, 2711, 3252735465992324059609 ] ],
    [ 117, [ 2, 2, 2, 2, 2, 2, 2, 2, 2, 2, 2, 2, 2, 2, 2, 7, 1609, 7643, 13103, 71363, 3834169109 ] ],
    [ 118, [ 7, 8929, 85201, 3797993031186137285657 ] ],
    [ 119, [ 367831, 109968455873707522913249399 ] ],
    [ 120, [ 2, 2, 2, 2, 2, 2, 2, 17, 37176996447225965777762734351 ] ],
    [ 121, [ 2, 2, 2, 2, 17, 1667, 1987179709, 179559455313192683 ] ],
    [ 122, [ 2, 2, 2, 2, 2, 397, 2344333, 17551402273, 619006282801 ] ],
    [ 123, [ 2, 2, 2, 2, 2, 3, 53, 25055831, 30467235431, 166607457619 ] ],
    [ 124, [ 2, 2, 2, 2, 2, 2, 2, 2, 2, 3, 3, 280858560277855993772278269251 ] ],
    [ 125, [ 2, 2, 2, 2, 2, 2, 2, 2, 283, 54181, 659391667208845703716511 ] ],
    [ 126, [ 2, 2, 2, 2, 2, 2, 2, 2, 17, 59, 3733, 8887, 607686431687323145809 ] ],
    [ 127, [ 2, 2, 2, 2, 2, 2, 2, 2, 1597, 4187129, 6047684432091890073527 ] ],
    [ 128, [ 2, 2, 2, 2, 2, 2, 2, 2, 2, 2, 2, 2, 2, 2, 2, 61331, 10302368966303642286460993 ] ],
    [ 129, [ 2, 2, 2, 2, 2, 2, 2, 2, 2, 2, 2, 2, 2, 31, 71, 409897, 2757211, 2032025193673649 ] ],
    [ 130, [ 2, 2, 2, 2, 2, 2, 2, 2, 2, 2, 2, 2, 2, 2, 103650821, 48764959407696512993297 ] ],
    [ 131, [ 2, 2, 2, 2, 2, 2, 2, 2, 2, 2, 2, 2, 2, 2, 3122341, 3237553976799505210839049 ] ],
    [ 132, [ 2, 2, 2, 2, 2, 2, 2, 2, 2, 2, 2, 2, 2, 2, 2, 2, 2, 2, 3, 5, 5, 5, 103, 139, 2218067, 106105073356485443 ] ],
    [ 133, [ 17, 47, 91997, 359263, 1360613, 18436700825756497 ] ],
    [ 134, [ 3, 7, 19, 31, 127, 843391436432303149654407789503 ] ],
    [ 135, [ 2, 24251, 1258891063455133, 43394674564712447 ] ],
    [ 136, [ 2, 2, 660088271, 4926958067, 407342848978006817 ] ],
    [ 137, [ 2, 2, 2, 2203, 12343, 437219749, 111427586089505603737 ] ],
    [ 138, [ 2, 2, 2, 2, 5, 233395981573, 1135144320995827755983351 ] ],
    [ 139, [ 2, 2, 2, 2, 2, 397, 3336650306036546721571177441771243 ] ],
    [ 140, [ 2, 2, 2, 2, 2, 2, 19559, 67723796160263736816236348259901 ] ],
    [ 141, [ 2, 2, 2, 2, 2, 2, 2, 3, 5, 5, 5, 5, 163, 4333969040279491210537077875729 ] ],
    [ 142, [ 2, 2, 2, 2, 2, 2, 2, 2, 2, 397, 647, 18059, 142771966201935728543992027 ] ],
    [ 143, [ 2, 2, 2, 2, 2, 2, 2, 2, 2, 2, 3, 3, 17, 251, 17244595595566829912145587290577 ] ],
    [ 144, [ 2, 2, 2, 2, 2, 2, 2, 2, 2, 2, 2, 23, 266701, 107957402537729999186853409813 ] ],
    [ 145, [ 2, 2, 2, 2, 2, 2, 2, 2, 2, 2, 2, 2, 47, 37139, 379370523395795667072977955247 ] ],
    [ 146, [ 2, 2, 2, 2, 2, 2, 2, 2, 2, 2, 2, 2, 2, 670147, 1100681, 23555113, 38111991987902563 ] ],
    [ 147, [ 2, 2, 2, 2, 2, 2, 2, 2, 2, 2, 2, 2, 2, 2, 7, 641, 147573731544862996489972682292559 ] ],
    [ 148, [ 3, 5, 103, 181, 359, 24763, 7967627, 1095388165377915475093 ] ],
    [ 149, [ 3, 14464295491729332792310130543135136372047 ] ],
    [ 150, [ 2, 2, 2, 5, 39655219, 50401738928999, 1085498960500649087 ] ],
    [ 151, [ 2, 2, 3, 3, 53, 3491249, 303050023, 85976249570287889041549 ] ],
    [ 152, [ 2, 2, 2, 2, 293, 57059, 236909219, 5477407203254313015985199 ] ],
    [ 153, [ 2, 2, 2, 2, 29, 1496123705863908182110814863894656869651 ] ],
    [ 154, [ 2, 2, 2, 2, 2, 2, 2, 2, 3, 23, 90859553, 865052706234762908904772314443 ] ],
    [ 155, [ 2, 2, 2, 2, 2, 2, 43384938210152742173736778528765050632749 ] ],
    [ 156, [ 2, 2, 2, 2, 2, 2, 2, 2, 2, 7, 101, 619, 24783102303108316074333721482577457 ] ],
    [ 157, [ 2, 2, 2, 2, 2, 2, 2, 2, 2, 5, 5, 1913, 1059717917, 3480533300911, 122967804592837 ] ],
    [ 158, [ 2, 2, 2, 2, 2, 2, 2, 2, 2, 2, 2, 2, 151, 151, 406707374934797089, 584754100032063799 ] ],
    [ 159, [ 2, 2, 2, 2, 2, 2, 2, 2, 2, 2, 2, 5, 443, 192959453, 50747676155424871275814093951 ] ],
    [ 160, [ 2, 2, 2, 2, 2, 2, 2, 2, 2, 2, 2, 2, 2, 7, 17, 21668536727, 315621014659, 13325092637597291 ] ],
    [ 161, [ 2, 2, 2, 2, 2, 2, 2, 2, 2, 2, 2, 2, 2, 31592017859, 686518214736986743391166074179 ] ],
    [ 162, [ 2, 2, 2, 2, 2, 2, 2, 2, 2, 2, 2, 2, 2, 2, 2, 2, 2, 2, 2, 3, 5609997137533, 40270062023268918639713021 ] ],
    [ 163, [ 3, 3, 7, 366239, 30799786618660872286042822751334052577 ] ],
    [ 164, [ 3, 13, 234726469, 155254039990574769911724605668809607 ] ],
    [ 165, [ 2, 359, 1255749647, 3152526965468694634745699065467889 ] ],
    [ 166, [ 2, 2, 2, 13, 2843941, 622095127873, 30895294085933993267627357 ] ],
    [ 167, [ 2, 2, 2, 2, 2, 17, 6421, 38047559453, 85544367083741303623919557373 ] ],
    [ 168, [ 2, 2, 2, 2, 12253, 110472740504387, 1049830011265083007297553723 ] ],
    [ 169, [ 2, 2, 2, 2, 2, 5, 4327, 33211, 5674091, 3884622097, 89726217576601043071 ] ],
    [ 170, [ 2, 2, 2, 2, 2, 2, 2, 2, 2, 3, 7, 17, 17, 41, 145381, 142965619, 216668117, 158512959660875531 ] ],
    [ 171, [ 2, 2, 2, 2, 2, 2, 2, 2, 2, 7, 23, 67, 79, 416858829862324717995654411734766696541 ] ],
    [ 172, [ 2, 2, 2, 2, 2, 2, 2, 2, 2, 3, 236816662698659225139037260385828256438530337 ] ],
    [ 173, [ 2, 2, 2, 2, 2, 2, 2, 2, 2, 2, 7, 101489756801952267381964988201227692452620481 ] ],
    [ 174, [ 2, 2, 2, 2, 2, 2, 2, 2, 2, 2, 2, 2, 3, 3, 17968417, 2196466932301821127646562699002371537 ] ],
    [ 175, [ 2, 2, 2, 2, 2, 2, 2, 2, 2, 2, 2, 2, 2, 2, 2, 2, 43, 1171, 881755951278590654796599134669019260961 ] ],
    [ 176, [ 2, 2, 2, 2, 2, 2, 2, 2, 2, 2, 2, 2, 2, 3, 3, 3, 3, 241, 743, 1411387, 34701119449238029259659354894547 ] ],
    [ 177, [ 2, 2, 2, 2, 2, 2, 2, 2, 2, 2, 2, 2, 2, 2, 3, 7, 13, 17, 23, 107, 62193361652418218755398318045995605939 ] ],
    [ 178, [ 3, 7, 7, 7, 7, 43, 23753, 208527728457996617, 15171891837027446508847 ] ],
    [ 179, [ 3, 7193, 9613, 224403883361100533650973938462653491483207 ] ],
    [ 180, [ 2, 2, 2, 2, 2, 71, 467, 87742934326423937590418568587269210581986891 ] ],
    [ 181, [ 2, 2, 2, 7, 17, 2724329, 2386936753120279, 30075765119939409683773427 ] ],
    [ 182, [ 2, 2, 2, 2, 17, 1353140273, 50727728536963697, 19944065599244490297521 ] ],
    [ 183, [ 2, 2, 2, 2, 6746299282213, 6899251615977493046711341759981910737 ] ],
    [ 184, [ 2, 2, 2, 2, 2, 2, 2, 2, 2, 2, 3, 7, 11, 73, 105408293411, 513388113499, 1593855401360092454189 ] ],
    [ 185, [ 2, 2, 2, 2, 2, 2, 2, 2, 2, 3, 3, 3, 5, 7, 13807, 56123, 7944728685434488548478544131811569739 ] ],
    [ 186, [ 2, 2, 2, 2, 2, 2, 2, 2, 2, 7, 30677, 80737, 223781, 148936171, 20135429087062947859661569 ] ],
    [ 187, [ 2, 2, 2, 2, 2, 2, 2, 2, 2, 17, 743447, 5487773, 25746803, 2062242901, 6318679878498376283 ] ],
    [ 188, [ 2, 2, 2, 2, 2, 2, 2, 2, 2, 2, 2, 2, 2, 2, 2, 2, 3, 3, 349, 265255349, 3401617757, 128284363519925753596096133 ] ],
    [ 189, [ 2, 2, 2, 2, 2, 2, 2, 2, 2, 2, 2, 2, 3, 3, 3, 3, 11, 2547940824903577, 5124612102577466348469144717581 ] ],
    [ 190, [ 2, 2, 2, 2, 2, 2, 2, 2, 2, 2, 2, 2, 2, 13, 13, 13, 5897, 1085458595292521, 827256776160299770198038227 ] ],
    [ 191, [ 2, 2, 2, 2, 2, 2, 2, 2, 2, 2, 2, 2, 2, 7, 7, 293, 5612263, 968678317, 15841834633, 18816755723722428089 ] ],
    [ 192, [ 2, 2, 2, 2, 2, 2, 2, 2, 2, 2, 2, 2, 2, 2, 2, 2, 2, 2, 5, 5, 7, 3005313122136473188949, 2764843142807492460188411 ] ],
    [ 193, [ 7, 8753, 1472809814167, 8447988113403548746128371210873611441 ] ],
    [ 194, [ 5, 331, 29969088457829, 30739736223684158255373571762227797443 ] ],
    [ 195, [ 2, 7, 47, 167, 65647579274467, 422695207023772630258990975879463453 ] ],
    [ 196, [ 2, 2, 7, 43819278073413041, 4970291852802709259290585770094857221 ] ],
    [ 197, [ 2, 2, 2, 223, 20764051293571, 329241774477216449639070086291500523621 ] ],
    [ 198, [ 2, 2, 2, 2, 2, 2, 7, 1463557, 37200686785061174964378164976822508528318522597 ] ],
    [ 199, [ 2, 2, 2, 2, 2, 2, 2, 7, 17, 23, 9048847, 1499204281, 10263997161829388223757642668365041 ] ],
    [ 200, [ 2, 2, 2, 2, 2, 2, 2, 2, 7, 119514361, 78461248505789, 172465331951461, 33663321360828023 ] ]
]
