c:\sys\ut\rpn\rpn.py -l120 -a200 1 500 range tetranacci factor -s1 -E 1 enumerate
[
    [ 1, [ 0 ] ],
    [ 2, [ 0 ] ],
    [ 3, [ 1 ] ],
    [ 4, [ 1 ] ],
    [ 5, [ 2 ] ],
    [ 6, [ 2, 2 ] ],
    [ 7, [ 2, 2, 2 ] ],
    [ 8, [ 3, 5 ] ],
    [ 9, [ 29 ] ],
    [ 10, [ 2, 2, 2, 7 ] ],
    [ 11, [ 2, 2, 3, 3, 3 ] ],
    [ 12, [ 2, 2, 2, 2, 13 ] ],
    [ 13, [ 401 ] ],
    [ 14, [ 773 ] ],
    [ 15, [ 2, 5, 149 ] ],
    [ 16, [ 2, 2, 2, 359 ] ],
    [ 17, [ 2, 2, 2, 2, 2, 173 ] ],
    [ 18, [ 3, 3557 ] ],
    [ 19, [ 67, 307 ] ],
    [ 20, [ 2, 2, 2, 2, 2, 3, 7, 59 ] ],
    [ 21, [ 2, 2, 2, 41, 233 ] ],
    [ 22, [ 2, 2, 2, 2, 3, 3, 3, 11, 31 ] ],
    [ 23, [ 3, 94651 ] ],
    [ 24, [ 7, 78191 ] ],
    [ 25, [ 2, 7, 179, 421 ] ],
    [ 26, [ 2, 2, 3, 137, 1237 ] ],
    [ 27, [ 2, 2, 2, 3, 7, 23333 ] ],
    [ 28, [ 3, 5, 197, 2557 ] ],
    [ 29, [ 491, 29663 ] ],
    [ 30, [ 2, 2, 2, 5, 47, 109, 137 ] ],
    [ 31, [ 2, 2, 7, 137, 14107 ] ],
    [ 32, [ 2, 2, 2, 2, 2, 5, 7, 93133 ] ],
    [ 33, [ 5, 40212397 ] ],
    [ 34, [ 3, 137, 191, 4937 ] ],
    [ 35, [ 2, 137, 2726441 ] ],
    [ 36, [ 2, 2, 2, 2, 137, 656923 ] ],
    [ 37, [ 2, 2, 2, 2, 2, 2, 2, 3, 3, 3, 23, 34919 ] ],
    [ 38, [ 5350220959 ] ],
    [ 39, [ 11, 16561, 56611 ] ],
    [ 40, [ 2, 2, 2, 2, 2, 2, 2, 10037, 15473 ] ],
    [ 41, [ 2, 2, 2, 2, 5, 59, 8118107 ] ],
    [ 42, [ 2, 2, 2, 2, 2, 7, 181, 1821707 ] ],
    [ 43, [ 421, 338167117 ] ],
    [ 44, [ 3, 23, 3977156957 ] ],
    [ 45, [ 2, 139, 10141, 187631 ] ],
    [ 46, [ 2, 2, 3, 3, 3, 3, 3146976589 ] ],
    [ 47, [ 2, 2, 2, 245672692633 ] ],
    [ 48, [ 3, 3, 3, 7, 7, 2863488077 ] ],
    [ 49, [ 3, 1433, 10169, 167039 ] ],
    [ 50, [ 2, 2, 2, 5, 19, 163, 113624171 ] ],
    [ 51, [ 2, 2, 6782976048031 ] ],
    [ 52, [ 2, 2, 2, 2, 3, 547, 577, 3452107 ] ],
    [ 53, [ 3, 59, 61, 379, 4493, 5483 ] ],
    [ 54, [ 3, 5, 11, 839, 28433, 49367 ] ],
    [ 55, [ 2, 5, 7, 17, 34511, 9120301 ] ],
    [ 56, [ 2, 2, 2, 101, 288181, 3100597 ] ],
    [ 57, [ 2, 2, 2, 2, 2, 14033, 3099059213 ] ],
    [ 58, [ 2682493808945359 ] ],
    [ 59, [ 19, 53201, 5115330307 ] ],
    [ 60, [ 2, 2, 2, 2, 2, 3, 37, 113, 137, 173, 1047701 ] ],
    [ 61, [ 2, 2, 2, 77137, 31132288651 ] ],
    [ 62, [ 2, 2, 2, 2, 7, 7, 1338473, 35289577 ] ],
    [ 63, [ 3, 3, 2503, 3121, 1015274207 ] ],
    [ 64, [ 5, 7, 137, 1879, 15271209661 ] ],
    [ 65, [ 2, 43, 61, 137, 369018660767 ] ],
    [ 66, [ 2, 2, 182107, 701808947849 ] ],
    [ 67, [ 2, 2, 2, 5, 19, 2269, 571433628347 ] ],
    [ 68, [ 137, 13864418722779143 ] ],
    [ 69, [ 137, 24109, 1108487549969 ] ],
    [ 70, [ 2, 2, 2, 3, 3, 5, 137, 455681, 314018291 ] ],
    [ 71, [ 2, 2, 11, 373, 828868769693039 ] ],
    [ 72, [ 2, 2, 2, 2, 2, 2, 3, 243533, 560785257421 ] ],
    [ 73, [ 151, 151, 21955841, 100962481 ] ],
    [ 74, [ 3, 3, 3, 5, 73, 9885888495426403 ] ],
    [ 75, [ 2, 3, 3, 5, 7, 298085010280351507 ] ],
    [ 76, [ 2, 2, 2, 2, 2, 13, 1409, 617567899193783 ] ],
    [ 77, [ 2, 2, 2, 2, 2, 2, 2, 2, 2, 2, 1263667, 539218503631 ] ],
    [ 78, [ 3, 3, 5, 5, 17, 251, 1400878846156637 ] ],
    [ 79, [ 3, 3, 5, 57610490785005318533 ] ],
    [ 80, [ 2, 2, 2, 2, 2, 2, 2, 2, 2, 2, 2, 2, 2, 2, 2, 2, 2, 3, 3, 5, 13, 311, 1453, 2797, 51563 ] ],
    [ 81, [ 2, 2, 2, 2, 2, 13, 73, 317186430112048001 ] ],
    [ 82, [ 2, 2, 2, 2, 2, 2, 23, 457, 47173153, 585086699 ] ],
    [ 83, [ 19, 37, 37, 1375911313540708691 ] ],
    [ 84, [ 13, 47, 41242261, 2737613694527 ] ],
    [ 85, [ 2, 13, 67625717, 75627363614897 ] ],
    [ 86, [ 2, 2, 3, 5, 13, 1556657, 211098433548803 ] ],
    [ 87, [ 2, 2, 2, 131479, 162650603, 2887877957 ] ],
    [ 88, [ 59, 1801, 9319, 961732310858083 ] ],
    [ 89, [ 3, 3, 3, 11, 17, 19, 43, 173, 991, 2339, 1109737309 ] ],
    [ 90, [ 2, 2, 2, 131, 3376328242769793716893 ] ],
    [ 91, [ 2, 2, 7, 673, 2938589, 123169265227753 ] ],
    [ 92, [ 2, 2, 2, 2, 6427, 2114669861, 60457723087 ] ],
    [ 93, [ 5, 107, 47367145526046184251863 ] ],
    [ 94, [ 137, 349, 15149, 67438730536671493 ] ],
    [ 95, [ 2, 67, 702656225425165235143427 ] ],
    [ 96, [ 2, 2, 2, 3, 13, 3889, 1170523, 127786083109567 ] ],
    [ 97, [ 2, 2, 2, 2, 2, 19403, 25454329, 22135222033303 ] ],
    [ 98, [ 3, 109, 137, 3083, 4882372420450926547 ] ],
    [ 99, [ 137, 241, 251, 521, 12799, 23521012091749 ] ],
    [ 100, [ 2, 2, 2, 2, 2, 3, 3, 3, 7, 859, 11789, 11939, 3426412005143 ] ],
    [ 101, [ 2, 2, 2, 3, 607, 3739, 26513, 3344132911382779 ] ],
    [ 102, [ 2, 2, 2, 2, 137, 34382867, 123516083701360529 ] ],
    [ 103, [ 137, 8069, 3252863, 30235589, 165040303 ] ],
    [ 104, [ 3, 137, 1340789, 9776651, 6419932749661 ] ],
    [ 105, [ 2, 3, 3402979, 2356853029, 1385441463677 ] ],
    [ 106, [ 2, 2, 3, 5, 41, 1303, 124991, 33944153, 9449662777 ] ],
    [ 107, [ 2, 2, 2, 49843, 621231890123599814432291 ] ],
    [ 108, [ 5, 7, 59, 14314233545627, 16153554397949 ] ],
    [ 109, [ 1028796688877, 894612672700425673 ] ],
    [ 110, [ 2, 2, 2, 5, 5, 2969, 2987670926889332784636199 ] ],
    [ 111, [ 2, 2, 5, 220752188687, 774544351129156583 ] ],
    [ 112, [ 2, 2, 2, 2, 2, 3, 11, 19, 146077, 130805491, 17193501054857 ] ],
    [ 113, [ 47, 521, 204985667, 2531272664175255613 ] ],
    [ 114, [ 499, 61463, 798531506835616473852409 ] ],
    [ 115, [ 2, 3, 3, 3, 347, 12401, 53233, 3816399432956917529 ] ],
    [ 116, [ 2, 2, 2, 2, 11, 103, 122819, 108733747, 375874837616053 ] ],
    [ 117, [ 2, 2, 2, 2, 2, 2, 2, 11, 2459, 5939, 8530154532087941601461 ] ],
    [ 118, [ 7, 7, 29, 181, 8171, 252737, 283571, 2244715234847 ] ],
    [ 119, [ 5, 329671, 4954001219, 79807048536582377 ] ],
    [ 120, [ 2, 2, 2, 2, 2, 2, 2, 7, 11, 11, 233, 1619, 30715692381503505781277 ] ],
    [ 121, [ 2, 2, 2, 2, 11, 37, 12611, 380909, 77406896945639915207 ] ],
    [ 122, [ 2, 2, 2, 2, 2, 3, 11, 19, 47, 4949459593909220221766787143 ] ],
    [ 123, [ 17, 133129247117, 3975201186706448015701 ] ],
    [ 124, [ 3, 3, 1926847535157385301950043397210857 ] ],
    [ 125, [ 2, 8283949, 21344419, 94524951205202691751 ] ],
    [ 126, [ 2, 2, 3, 3, 3, 2309, 27027179, 65043893, 146977761647237 ] ],
    [ 127, [ 2, 2, 2, 3, 9709755550217, 532960931771507278859 ] ],
    [ 128, [ 5, 137, 227, 124188871966997, 12397215546554837 ] ],
    [ 129, [ 131, 7993, 23515351, 18741270950712239971409 ] ],
    [ 130, [ 2, 2, 2, 3, 19, 173, 277, 1129, 3607, 11353, 413727359, 2128062047 ] ],
    [ 131, [ 2, 2, 3, 139, 223, 967, 2794789, 1705579258869742504883 ] ],
    [ 132, [ 2, 2, 2, 2, 3, 5, 31, 137, 769, 4216351632375359193181569527 ] ],
    [ 133, [ 5, 5, 137, 1859963577905237108042616842281937 ] ],
    [ 134, [ 5279, 2326064237506172045391681415636907 ] ],
    [ 135, [ 2, 29, 43, 2621, 1711117, 2116111466873436742378303 ] ],
    [ 136, [ 2, 2, 2, 109, 137, 509, 1861, 8093, 7612935661, 6543756942589 ] ],
    [ 137, [ 2, 2, 2, 2, 2, 7, 7, 137, 811, 81276832423, 6210751720500843953 ] ],
    [ 138, [ 3, 19, 19, 137, 2269, 43127174249, 11675412811887816113 ] ],
    [ 139, [ 1123, 3641933, 79141637, 1009481539558000123331 ] ],
    [ 140, [ 2, 2, 2, 2, 2, 7, 17, 17, 37, 41, 41, 7371097, 21221498356246729704253 ] ],
    [ 141, [ 2, 2, 2, 3, 3, 3011, 5600006972649718663081493398717181 ] ],
    [ 142, [ 2, 2, 2, 2, 5, 11, 23, 41, 18719, 7858256027, 19170656550868606633 ] ],
    [ 143, [ 1070316011, 4214407232099927521573260790387 ] ],
    [ 144, [ 1289, 4867873, 1385685634493541762706279492753 ] ],
    [ 145, [ 2, 5, 54973, 9540937209623, 3195396432244929665359 ] ],
    [ 146, [ 2, 2, 281, 409, 34607, 2030579512197190026240393400789 ] ],
    [ 147, [ 2, 2, 2, 29, 189239, 31894355849, 44470238432326316847163 ] ],
    [ 148, [ 3, 3, 5, 353, 383, 1553, 1349809115216059, 9411535131909007 ] ],
    [ 149, [ 13229, 17489266970544859399471443120566172281 ] ],
    [ 150, [ 2, 2, 2, 3, 23, 227, 88392613, 6307491497, 6383654783827314677 ] ],
    [ 151, [ 2, 2, 1417705439, 4780433973097837, 31710420690684139 ] ],
    [ 152, [ 2, 2, 2, 2, 2, 2, 2, 3, 3, 3, 5, 2113705269713, 45366524224782057515695541 ] ],
    [ 153, [ 3, 3, 5, 257, 1034202467, 267042766880084525071369467607 ] ],
    [ 154, [ 7, 7, 317, 3911, 40483, 2503367037635108994894078331949 ] ],
    [ 155, [ 2, 17, 349035667838743514896621965894013377781681 ] ],
    [ 156, [ 2, 2, 2, 2, 2, 2, 3, 3, 5, 5, 5, 5, 5, 83, 131303320289, 1166086510523686892837549 ] ],
    [ 157, [ 2, 2, 2, 2, 2, 2, 2, 2, 2, 2, 3, 3, 5, 2652313, 360768144972011214550366118940919 ] ],
    [ 158, [ 3, 3, 5, 318770278261, 5924932989245860925132602179343 ] ],
    [ 159, [ 11, 21193, 102079, 61635228490859, 111694448516363943583 ] ],
    [ 160, [ 2, 2, 2, 2, 2, 2, 2, 2, 2, 2, 13, 53, 447580647905828598860659386695799517979 ] ],
    [ 161, [ 2, 2, 2, 2, 2, 2, 43, 307, 499157, 1443360642324592407749007509494081 ] ],
    [ 162, [ 2, 2, 2, 2, 2, 2, 2, 137, 39621460063, 229040506999613, 7372824082046999 ] ],
    [ 163, [ 21803, 103728781404912567821057391689737638704899 ] ],
    [ 164, [ 3, 5, 13, 19, 296019671, 3974798316823661520943483689307679 ] ],
    [ 165, [ 2, 13, 1693, 24412487012021, 7819696552230135609252932357 ] ],
    [ 166, [ 2, 2, 61, 137, 25189, 39373721, 488554257938278331250599984897 ] ],
    [ 167, [ 2, 2, 2, 3, 3, 3, 17, 19, 43, 43, 53, 137, 33331841750751105541725066126016621 ] ],
    [ 168, [ 13, 110976947447, 5664246949008209, 7364427254680825213 ] ],
    [ 169, [ 13, 37, 239, 92954845553, 489765717481, 22164719548942381067 ] ],
    [ 170, [ 2, 2, 2, 13, 137, 179, 3823, 77423959, 296201582122998811747665541873 ] ],
    [ 171, [ 2, 2, 5, 137, 3947, 40214873, 991009787938200070850914180728173 ] ],
    [ 172, [ 2, 2, 2, 2, 83, 137, 7720708835821, 591445685947895135187967419883 ] ],
    [ 173, [ 192917, 372708509, 72389572319, 307668629694182322239087 ] ],
    [ 174, [ 3, 11, 19, 179, 197, 1903987, 253894639, 288803916579506709547049773 ] ],
    [ 175, [ 2, 179, 270337, 33886961, 1366059307, 1328082465083688634818473 ] ],
    [ 176, [ 2, 2, 2, 3, 1655226392353, 192120743220459029, 1502730789999471649 ] ],
    [ 177, [ 2, 2, 2, 2, 2, 37, 839, 120416680243, 452423981154287, 408494776384997611 ] ],
    [ 178, [ 3, 3, 3, 3, 179, 27076494619793, 108545119053456797640520483287349 ] ],
    [ 179, [ 3, 7, 179, 541, 15647, 1958593667, 1317965734731658950061674199487 ] ],
    [ 180, [ 2, 2, 2, 2, 2, 13, 131, 179, 85297, 190285666218188758744527759722400620011 ] ],
    [ 181, [ 2, 2, 2, 16033, 172115789940857167, 13824210738920717044456314263 ] ],
    [ 182, [ 2, 2, 2, 2, 3, 9941, 503133555492017, 2450301897098603408028658810577 ] ],
    [ 183, [ 3, 421, 205645469, 144397862450123, 30234255625240614079802401 ] ],
    [ 184, [ 3, 5, 33403, 3091551481, 460246309795083863, 3065824995229762459 ] ],
    [ 185, [ 2, 23, 2203811, 5426234227394735647723, 7658937526647372037679 ] ],
    [ 186, [ 2, 2, 5, 3083, 543397953097, 242374024182635978877998567331089353 ] ],
    [ 187, [ 2, 2, 2, 2492453, 115708017504569003873, 6784776179032752230814229 ] ],
    [ 188, [ 5, 7, 7, 7, 1499, 11737038682197323263754503000067502223088383231 ] ],
    [ 189, [ 5, 31, 113, 19949, 363217, 458284537709434959553007593926980618059 ] ],
    [ 190, [ 2, 2, 2, 3, 7, 7, 109, 761, 3533, 325296117767343831785994935929480200835549 ] ],
    [ 191, [ 2, 2, 11, 11, 73, 18077, 43499, 159979, 1632619, 29780203944645959158474727171 ] ],
    [ 192, [ 2, 2, 2, 2, 2, 7, 671831, 2767895167083391993374654704400798074657942291 ] ],
    [ 193, [ 3, 3, 3, 3, 7, 43, 977, 33706989630453920189634827933747197319565321829 ] ],
    [ 194, [ 3089, 501021644168383619081845537905428279801428010425469 ] ],
    [ 195, [ 2, 1491601292312953806173455870812075209614519544130780337 ] ],
    [ 196, [ 2, 2, 2, 2, 31, 137, 75083765413733, 146901092876437267, 7672162318962887111 ] ],
    [ 197, [ 2, 2, 2, 2, 2, 2, 2, 5, 37, 7638067979380183067773, 61282183406419687924578183887 ] ],
    [ 198, [ 3203823373, 6668670090588233647434061506921722612951430619 ] ],
    [ 199, [ 181, 449, 761, 16727119, 75233153, 24082212571, 21972515550213504140321 ] ],
    [ 200, [ 2, 2, 2, 2, 2, 2, 2, 3, 137, 2137, 75797, 147181589, 63294020187869096015142085296069919 ] ],
    [ 201, [ 2, 2, 2, 2, 23, 137, 739, 1319294338308831817, 3112994308801869597117287233549 ] ],
    [ 202, [ 2, 2, 2, 2, 2, 3, 3, 953, 32781984816750563951, 32780876899156961035711838841611 ] ],
    [ 203, [ 53, 179, 142161493551991, 421539884796969140605886944643113899113 ] ],
    [ 204, [ 3, 3, 3, 3, 3, 7, 47, 113, 137, 193, 937, 4896207547491299442889030183537265716725107 ] ],
    [ 205, [ 2, 3, 137, 13697, 187615613706014143611359554649965187771937650921539 ] ],
    [ 206, [ 2, 2, 5, 19, 137, 78211468148645410220851150119558440192984304654411131 ] ],
    [ 207, [ 2, 2, 2, 359430828380899727639563, 2729465704527355878101060830075979 ] ],
    [ 208, [ 3, 2767, 1822472103207551870595027553524055986056423404584036811 ] ],
    [ 209, [ 3, 11, 1171, 10335051345814917217, 73015687713206584533577687527206623 ] ],
    [ 210, [ 2, 2, 2, 3, 5, 5, 93682129401037704599601590896020124799584055259566624317 ] ],
    [ 211, [ 2, 2, 5, 307, 1063, 208972311943, 103047141857629, 770885755563081939932283701 ] ],
    [ 212, [ 2, 2, 2, 2, 2725273522315693, 4789549054320044417778747793341417639103303 ] ],
    [ 213, [ 873767, 1429565281, 6455440883, 49923786427237989261978412450084637 ] ],
    [ 214, [ 9719, 5179692621712336967363, 15414017076350422591820782662279793 ] ],
    [ 215, [ 2, 747859062776400214777101241245776528058610100382050245058521 ] ],
    [ 216, [ 2, 2, 2, 3, 7, 2755161067752341, 6228763370422384687900641763266903713071613 ] ],
    [ 217, [ 2, 2, 2, 2, 2, 173666670942725588915190392824998576117003985808622052141357 ] ],
    [ 218, [ 19, 1073696725076483, 4938291624198973, 106331721630914792276414544211 ] ],
    [ 219, [ 3, 3, 41, 6469, 1736314250220355207, 4981857623800679535392962214585220883 ] ],
    [ 220, [ 2, 2, 2, 2, 2, 5, 419, 701201929, 270703231477228447817, 3127670264457811233212130217 ] ],
    [ 221, [ 2, 2, 2, 31, 107, 181, 292147489, 278488529893775793407, 196325338850500784286498277 ] ],
    [ 222, [ 2, 2, 2, 2, 97, 26021, 703658279, 8510657734696858093, 611459340317595401446274927 ] ],
    [ 223, [ 5, 7, 109, 1246200577621561309547, 59956195919018943469279746627614053973 ] ],
    [ 224, [ 63596946967, 8639500690145026680907865482153251150163769355972367 ] ],
    [ 225, [ 2, 19, 11243923, 6698817331061, 539205557325403, 686245180270320448833664039 ] ],
    [ 226, [ 2, 2, 3, 3, 3, 5, 89, 859, 2797, 12589, 62889222997, 22330824214339266808152843770855921891 ] ],
    [ 227, [ 2, 2, 2, 271, 9283, 31930379291, 4052424521779839489551, 1511065611719781309996833 ] ],
    [ 228, [ 3, 19, 107, 3660389582885429360921, 339760094675010085385812824087825691181 ] ],
    [ 229, [ 1009, 18959, 42293, 127297, 31733899, 4473526089178395948764965665009025229741 ] ],
    [ 230, [ 2, 2, 2, 3, 3, 3, 3, 5, 43, 61, 83, 89, 137, 523, 6265292601824538588850533642426062262125592246397 ] ],
    [ 231, [ 2, 2, 3, 3, 3, 5, 7, 89, 163722942880495845711275491, 986261353534763649146429703474811 ] ],
    [ 232, [ 2, 2, 2, 2, 2, 2, 11, 41, 71, 51094817289409754778818342228168041032220929616266875856157 ] ],
    [ 233, [ 2741, 767866933, 95897009529210287849104798085508338257927935430868489 ] ],
    [ 234, [ 3, 3, 3, 5, 5, 137, 853, 333532163556222876578267197, 14787587392434853291722487340167 ] ],
    [ 235, [ 2, 3, 3, 3, 5, 137, 197137, 15362662307, 70885127143, 31898158563287, 2960581851243863071877 ] ],
    [ 236, [ 2, 2, 2, 2, 2, 3, 3, 3, 5, 11, 41, 8386211, 17047769231, 5189571325771821287683486854252327391696561 ] ],
    [ 237, [ 2, 2, 2, 2, 2, 2, 2, 2, 2, 2, 2, 7, 11, 41, 853, 2053, 41399, 8417531137, 3732305627651, 189207858744607266148404161 ] ],
    [ 238, [ 137, 5706853, 408608242410797438401703, 16811924928650397014243591953101709 ] ],
    [ 239, [ 137, 21917833754603, 31313147568705799469, 110104545416099681499027163323991 ] ],
    [ 240, [ 2, 2, 2, 2, 2, 2, 2, 2, 2, 2, 11, 11, 41, 137, 3571, 21157439, 3651193217460401773, 103939591260324875518343117873 ] ],
    [ 241, [ 2, 2, 2, 2, 2, 7, 11, 41, 353, 267187, 4036939866299085253668219233771647987870317535633253969 ] ],
    [ 242, [ 2, 2, 2, 2, 2, 2, 3, 5, 5, 5, 7, 11, 41, 2111, 83117, 3707884258637641129937, 1504129172300021963613563619047 ] ],
    [ 243, [ 367, 7498144331, 8500058789, 6110008030048371951714214439121371924967037001 ] ],
    [ 244, [ 13, 204563, 1431306547769962348241431, 72375041629283015872094402635539024433 ] ],
    [ 245, [ 2, 3, 3, 3, 67, 152791616996455702630864927, 960576996149072974274759210012066397071 ] ],
    [ 246, [ 2, 2, 23, 23, 37, 233, 4729, 22367, 31219, 13410077884199, 1267091489371387928438409036840977567 ] ],
    [ 247, [ 2, 2, 2, 43, 5735331565506702054692784562224951074388504621864128015610306757843 ] ],
    [ 248, [ 13, 479, 58457844371, 10447290250209930473433199100677969659486575558745349943 ] ],
    [ 249, [ 5, 5, 13, 61, 229, 52189, 3058193, 59586268752505269738787, 169783287631439016618914473807 ] ],
    [ 250, [ 2, 2, 2, 1234961177, 845018650079292528964237, 1692514654955847020063446222171978507 ] ],
    [ 251, [ 2, 2, 29, 59, 3373, 4637, 6163, 7013, 117007264236863082290753, 50312755688910440306141082299 ] ],
    [ 252, [ 2, 2, 2, 2, 3, 13, 23, 157, 418259, 1217669, 9145379, 1056157331, 506034185473100993, 9359699800802456099 ] ],
    [ 253, [ 13, 325693, 23900957448693873604306549278889295756664396884181635914720586617 ] ],
    [ 254, [ 3, 13, 37409, 771473, 38721439, 224151943, 397532799279783783289, 50228131846838873426899 ] ],
    [ 255, [ 2, 769, 17471, 29007746205388982362073, 482387105488968459989145390041336025761167 ] ],
    [ 256, [ 2, 2, 2, 3, 3, 3, 103, 5528291273586583, 5892644405688497148410098050439311569335055073684241 ] ],
    [ 257, [ 2, 2, 2, 2, 2, 3, 7, 2078888536693457586488629309292486624135297632581166499026022032111793 ] ],
    [ 258, [ 2027, 1328480179758076022276872927125476682091988728071973739809237007862157 ] ],
    [ 259, [ 2527150635683, 247088963439063145184849, 8312519964931241635221966817633665091 ] ],
    [ 260, [ 2, 2, 2, 2, 2, 3, 5382281, 334187017, 57942650092195154100668791770607951743690337141237345253 ] ],
    [ 261, [ 2, 2, 2, 3, 17, 41, 541, 103333, 1909079, 10802633847921886519015427088921973434787867083202179553 ] ],
    [ 262, [ 2, 2, 2, 2, 3, 5, 11, 10177, 422557, 68250792716108017, 47976164853720920109406346862478120916738371 ] ],
    [ 263, [ 7, 47, 217798398787180573639064533908676679930475460943095554429583276094334569 ] ],
    [ 264, [ 5, 13, 137, 2017, 2371, 63320338119786545503, 51220560877025299510666443443924781800776501 ] ],
    [ 265, [ 2, 7, 3319, 25875257, 230661981604849, 1007088670524011, 10195636950045857, 93495181677802259 ] ],
    [ 266, [ 2, 2, 5, 1033, 69929, 6281930011615257340499, 56545090507198023217427716962320238217428881 ] ],
    [ 267, [ 2, 2, 2, 5, 5, 1575286498057628376149, 3139745424500179572877438807674392074291054827135677 ] ],
    [ 268, [ 3, 137, 19181, 300009979, 10362363111180868333129169, 77800924692313206809395164080400739 ] ],
    [ 269, [ 17, 137, 173, 507331023045349455637, 17980164958300469949257089150685411876490000268717 ] ],
    [ 270, [ 2, 2, 2, 49311045169, 112578923287, 62550618910908827821, 2550269854925472587097236683199413 ] ],
    [ 271, [ 2, 2, 3, 3, 3, 53, 175170407, 21188916213695946012017503182181, 642759163280210604777584980958393 ] ],
    [ 272, [ 2, 2, 2, 2, 2, 7, 17, 29, 137, 59359, 1063597, 27557927334261914287564215293971112630947244714083297378609 ] ],
    [ 273, [ 137, 651461, 1313222040312251, 432899349994800894138695186870415561716489983126930111 ] ],
    [ 274, [ 47, 137, 727, 1237, 1042854317, 16195570731761220292404215123442774335727513299453687779453 ] ],
    [ 275, [ 2, 5, 7, 873463, 177472773714689, 921617118283439867954477, 18850634107524192277811507679089 ] ],
    [ 276, [ 2, 2, 2, 2, 17, 17, 29, 1344671, 1984364295181, 1015560663927708469418527517959917974546588715437746051 ] ],
    [ 277, [ 2, 2, 2, 2, 2, 2, 2, 17, 29, 103, 14669299, 52302656141, 124371109441, 193287324565491358999, 5842751092819228432357 ] ],
    [ 278, [ 3, 7, 31727, 784543, 2192837, 15680257, 60693301, 167057070887537, 7408761849301759788118336323947 ] ],
    [ 279, [ 11, 11, 31020973, 4120304830650935986664939, 168272851820517166055492491179328756191052823 ] ],
    [ 280, [ 2, 2, 2, 2, 2, 2, 2, 3, 3, 3, 29, 56467, 244045203898201238999, 3632083424824848558337213410624276611285529914371 ] ],
    [ 281, [ 2, 2, 2, 2, 29, 71, 109, 1399, 25127, 151471, 505720100343830533760016634024347083557305025105428458792251 ] ],
    [ 282, [ 2, 2, 2, 2, 2, 3, 3, 3, 29, 43, 11955821, 1446937058488559625951713198092535096699999798937963113031066756799 ] ],
    [ 283, [ 3, 72850464009610957, 196642721293751567397383243, 835961232898715620465704435100317061 ] ],
    [ 284, [ 5, 7, 103, 18358217, 1721373931637, 16719888891547, 115638470310978463, 314397602756113500646176157 ] ],
    [ 285, [ 2, 34501418174366459191787, 1934493829597835509468312734208768777034279088266441203027 ] ],
    [ 286, [ 2, 2, 3, 1063, 537403, 3228822269, 76651324365037, 151657622070723070916383150178725229656587416507 ] ],
    [ 287, [ 2, 2, 2, 3, 281, 249097, 1783441037849, 1076772235237028633, 1141511675399446171, 134679647647927113575849 ] ],
    [ 288, [ 3, 5, 37, 761, 11353, 199375167493447732032042232775308947586353066702176842611079372550780861 ] ],
    [ 289, [ 5, 29, 31, 71, 38971, 2911483, 50888991012017472220244014862729936001084203150417698585821367469 ] ],
    [ 290, [ 2, 2, 2, 457, 191660079943945097, 5069185593784553950802931372634599191354867486122244105793151 ] ],
    [ 291, [ 2, 2, 131, 74599459902427, 62688786637196386571539, 2794007453262866068256418107921805821281213 ] ],
    [ 292, [ 2, 2, 2, 2, 751, 89798625464251458247, 12231032954291758294386673152734542218406727070761554109599 ] ],
    [ 293, [ 10273, 4096659467471341949, 604468873751473707880802059619108362973612083004886278879653 ] ],
    [ 294, [ 3, 11, 27123403, 114969529899193, 476506219743589868187510156558650271727408994624513101533271 ] ],
    [ 295, [ 2, 157, 1007700487, 9184687147270432496730431, 32523128285832576108907913086073758084343223989 ] ],
    [ 296, [ 2, 2, 2, 23, 217413133061, 1533125571868004664191, 2970604413024740944910083631190416169959719520357 ] ],
    [ 297, [ 2, 2, 2, 2, 2, 3, 3, 7, 17, 4583, 158617, 5392291072689453479249, 2614099610377026360719648891137649569450610678741 ] ],
    [ 298, [ 5, 5, 37, 137, 757, 3361, 4621, 17257, 6183771259, 262951727235529167371, 16191438857514978020333079595434499 ] ],
    [ 299, [ 101, 1759, 20113, 145213, 550733, 3390545601173, 1346700259635454040975540458654951982253118286625127 ] ],
    [ 300, [ 2, 2, 2, 2, 2, 1621, 6268964409404767258574401, 11413903406193416249846617, 677636138076486205663749152731 ] ],
    [ 301, [ 2, 2, 2, 5, 5, 31, 781945005406353373613091579912763182757410768615111787361830132571976337338500017 ] ],
    [ 302, [ 2, 2, 2, 2, 137, 233, 241, 642877447, 118095825473249100422194237673998952876194703745599276880881280815851 ] ],
    [ 303, [ 137, 613, 1033, 156253, 140963737, 37851672751, 489933171117889, 508329772926857521181988725208157426007 ] ],
    [ 304, [ 3, 3, 5, 1699, 4079, 38037671719, 2926977790250709141319765472087734762662530650342262249519283393287 ] ],
    [ 305, [ 2, 73, 79, 1031, 8389, 10483331152639, 11304637983469, 15480950373377, 365678066829018043603944708677341703 ] ],
    [ 306, [ 2, 2, 3, 137, 61717, 1272291443, 183214025821777, 5454534681715656482773010038545983179739299383860048159 ] ],
    [ 307, [ 2, 2, 2, 19, 31, 47, 137, 271, 696884283591318643, 6530449804809347753310461317, 6645401708833801868466660356899 ] ],
    [ 308, [ 3, 3, 3, 5, 137, 20863050767045551898501, 8378047316908119358406831, 148269353416222332086505974766766211 ] ],
    [ 309, [ 3, 3, 5, 1873, 731360739126571, 1623432897834581, 9232481095172453632189526915822329311310793013406543 ] ],
    [ 310, [ 2, 2, 2, 113, 727, 9914929, 61817387, 4421197954203814716436979859655666506328799145552508189999593883051 ] ],
    [ 311, [ 2, 2, 11, 31, 109363, 470932242267698832221189, 666687305792563319040949, 73296967625163197633773554688183 ] ],
    [ 312, [ 2, 2, 2, 2, 2, 2, 2, 2, 3, 3, 5, 5, 31, 650071, 5700524090309818877531494831253410500463632434421773125826841563799487039931 ] ],
    [ 313, [ 3, 3, 5, 59, 619, 2663, 2914350384205372017355617133719375853074245492113539002637456439789931124520283 ] ],
    [ 314, [ 3, 3, 5, 8642903, 65499389, 965088308702137829214204113102005462132958629870043338148730810391522787 ] ],
    [ 315, [ 2, 739, 113521901, 161829803609, 199985558355864241760277304187033, 8727172803488479873832440784032711 ] ],
    [ 316, [ 2, 2, 2, 2, 2, 2, 2, 713646577437851467882597068663135039773846029756518100189984418393831352906312986740187 ] ],
    [ 317, [ 2, 2, 2, 2, 2, 2, 2, 2, 2, 2, 2, 42061, 1016231, 2011404986486262910748724131657663412066671089502661283331097497354998656479 ] ],
    [ 318, [ 19, 271, 1033, 1289, 44139551, 20821406004092243747063, 53863648015011002681584936633042789876721267949731 ] ],
    [ 319, [ 17, 2713, 15648111727, 57306479080909612031, 15818082228990691581675133970006006385127322360383379849 ] ],
    [ 320, [ 2, 2, 2, 2, 2, 2, 2, 2, 2, 2, 2, 3, 5, 41049261431613780875897113177005560248896974704847215667600200586082866859225353510831 ] ],
    [ 321, [ 2, 2, 2, 2, 2, 2, 2, 17, 223133293, 645642970127, 7753882524245336087884736628066599635085061652570212574291693770439 ] ],
    [ 322, [ 2, 2, 2, 2, 2, 2, 2, 2, 80534772557806993, 19346694720047509085412164976651059, 11746624318712519927095786542726808063 ] ],
    [ 323, [ 3, 3, 3, 7, 17, 4259, 8219884845493817, 3763342518946921542702263, 21335054871036195697374673808656946517799369 ] ],
    [ 324, [ 17, 1570339, 11232863, 32062259, 677535256003222915319514841, 2672398035220127081627522859367902713292863 ] ],
    [ 325, [ 2, 37, 63546300043, 340103119079, 20981460118427649720399311584886820017973372184570310564494433999297 ] ],
    [ 326, [ 2, 2, 7, 417217, 30509419, 21597326557, 8402774374972434360925876141869222325858097249892616825894258192841 ] ],
    [ 327, [ 2, 2, 2, 5, 25261, 60811, 1916611, 4456513, 327969683889007, 724318339843805186304034932599829582787892774226250703 ] ],
    [ 328, [ 13, 103, 2063, 94569676547, 5413915631955499204995523027, 169922218932901601201571349289261430565912991179 ] ],
    [ 329, [ 11, 7331, 98911, 3793495189079327, 47761528111129897, 3570995363558459611, 89762342717012889915244319016719 ] ],
    [ 330, [ 2, 2, 2, 3, 59, 3571, 176586281084325995147556909767070908384068445362767097930394333085398208459687309663341 ] ],
    [ 331, [ 2, 2, 269, 751, 887, 201029503361, 3514207821357396869, 97692979591486281805432621, 34793009042477478578995010143 ] ],
    [ 332, [ 2, 2, 2, 2, 3, 13, 17, 97, 137, 41549, 5556728321, 58410311079295783544032609821117767, 1745145709128723415954820831967533033 ] ],
    [ 333, [ 13, 356498957883656783123, 75823664745566577651019646832642407, 18198212306071155901864864286880626993 ] ],
    [ 334, [ 3, 3, 3, 7, 32909, 274004065516680739, 7232858509166388815488808259332679295709058461759824772764974027086543 ] ],
    [ 335, [ 2, 3, 10211, 156109, 2484301766167114386125587346296109254606927087046875959110016621672058960807641520837 ] ],
    [ 336, [ 2, 2, 2, 13, 137, 80177, 9714559, 16481067192253247, 333262181525080063654664417, 751384107804306134239912588289242987 ] ],
    [ 337, [ 2, 2, 2, 2, 2, 13, 137, 11255786768381, 137619115580325700841609719226291930280081414850170154417468749497658874250093 ] ],
    [ 338, [ 3, 7, 13, 602142284757186273827939, 1035178145739743829356494629635037381396940570532285858178696732779509 ] ],
    [ 339, [ 3, 7, 7, 103, 21227, 279689016161904072881, 3648939206354117015688634536388132029893519102075015840149849344607 ] ],
    [ 340, [ 2, 2, 2, 2, 2, 3, 5, 37, 137, 259854379290282647181320072661246749310561365739676196267375185848643259703949354928984573 ] ],
    [ 341, [ 2, 2, 2, 137, 153589, 1135531, 6375764357517328162900907807555714764671396031073424922879089449122280300312855167 ] ],
    [ 342, [ 2, 2, 2, 2, 5, 7, 23, 137, 847199281, 118432998794101, 3911072152433944238527048019, 3392498835100817264920753319207992487581 ] ],
    [ 343, [ 7, 89, 641, 797, 1569309607258297777, 12764575305817984963088491641379181, 710230337934420503431561209941073191 ] ],
    [ 344, [ 5, 7, 47, 5305924532781178007467813238581138861288518502935958563440343852708623804852699419952730993421 ] ],
    [ 345, [ 2, 5, 61, 382621, 1258593719, 54956948335809281602760826419899, 1042145877297140571153453914241028031602896748753 ] ],
    [ 346, [ 2, 2, 3, 41, 7669, 4704978769529, 1826762817657751359548305174292295072099107633462429152533235947505980156643241 ] ],
    [ 347, [ 2, 2, 2, 953, 1307, 66883, 24451271473501, 130117788340003, 29480828340961018301303802468930708416022078178880453159047 ] ],
    [ 348, [ 13, 13, 97, 179, 28642417, 58005465863, 24715552351583468954099944266642617813325687386938327382257030809610888523 ] ],
    [ 349, [ 3, 3, 3, 149, 57732277549985619744470163396016966905114593259738632497372059773375759008485886434295129587059 ] ],
    [ 350, [ 2, 2, 2, 463, 2444473, 49444825804546908370264795972349628744882263434952252870275625152475924968939752808234577 ] ],
    [ 351, [ 2, 2, 17, 541, 133339141834416508254548712138323, 175922582162196927855038948335800108343225421290374628318112579 ] ],
    [ 352, [ 2, 2, 2, 2, 2, 7, 11, 71, 179, 223, 504660823, 9546778987, 21639781753, 7781569756082671, 293602856918828312055258617888241690386608787 ] ],
    [ 353, [ 5, 5, 179, 443, 197139127, 9559416681277504712392951123, 858224954331423785503631114219441734557396103017148969637 ] ],
    [ 354, [ 47050903085209, 131353761007165837876160165844521717708384150590837337693523543050161004904002669741077 ] ],
    [ 355, [ 2, 2528295450557, 2355922541624943165614787896186931825464661308208684976451324808232688240577316300349893 ] ],
    [ 356, [ 2, 2, 2, 2, 3, 11, 179, 4620862308909885708197289721213, 52579590045064452935060119688999034729061339127709168904066432093 ] ],
    [ 357, [ 2, 2, 2, 2, 2, 2, 2, 11, 179, 614143, 2699357006359789027732364676479, 105937570537153990329880899551923683286906168071730941358507 ] ],
    [ 358, [ 3, 3, 47, 179, 35949061, 92057663, 4143432347, 70283480485151, 294626598093117929, 845686018461457601, 4692544168895938455277 ] ],
    [ 359, [ 221808932427366794681, 111809836231441658125807554168563, 6631216167511946259129623460673001178191006479523 ] ],
    [ 360, [ 2, 2, 2, 2, 2, 2, 2, 3, 3, 3, 11, 11, 11, 7140288532980385418696245358053, 9651460286935776887260995795831084379065358264352125615601886817 ] ],
    [ 361, [ 2, 2, 2, 2, 3, 11, 1157270830972508088146082329167666090201496700608578651965328157592898409205628931250858138240835813 ] ],
    [ 362, [ 2, 2, 2, 2, 2, 5, 5, 7, 11, 37, 173, 1097, 2722965337614364521949183054032196355766489776927795692820982075907729919181689887915127261 ] ],
    [ 363, [ 31, 51769375365880562659, 49999002054389865349922197, 28293695507827493926410827729348423800249943747756390113 ] ],
    [ 364, [ 3, 43, 774537551, 43798757716721598504892107812467449892657528058441246467053905264176040113113251635365335711 ] ],
    [ 365, [ 2, 3, 1367, 1163711, 1107327768497, 187520169179222667923278102943508775543, 4256113979218642191798420918923370399234821 ] ],
    [ 366, [ 2, 2, 3, 5, 7, 43, 137, 641, 1033, 53657819224801716166237854737, 184961355597412966172843819286495820869445563635205359525303807 ] ],
    [ 367, [ 2, 2, 2, 5, 7, 4751, 49667, 131303, 241148370543122310671840681, 14981284847578344921019225468773984275633946256798224427027201 ] ],
    [ 368, [ 227, 2635783, 11400733, 29926298756574566216234199295129, 295941650150298341214252434428230335801636775021842259143 ] ],
    [ 369, [ 7, 16635570278696633782350898332319020186372520900441334122624654517146723556889533973957707262330186171659 ] ],
    [ 370, [ 2, 2, 2, 37, 137, 5535180730120010153491550450393766320768755219091691238000973115485655194701234126689555177369931387 ] ],
    [ 371, [ 2, 2, 137, 9719, 14683, 19963, 8196136995063864515371219523, 33814306071260915966900188300376666682540303527510801959166227 ] ],
    [ 372, [ 2, 2, 2, 2, 3, 29587, 51000478288853, 9804115946490277, 1174453774772274977074367864456231730382770434340946536733087091409331 ] ],
    [ 373, [ 7, 66293, 2561347777145736283, 1328963223350348261729611, 1017705002235034354857555021882616216309989317767473029587 ] ],
    [ 374, [ 7, 23, 23, 137, 2259916406333, 3796106505869, 711987621126510841175268934633494770308992392579072743914914768768688716467 ] ],
    [ 375, [ 2, 3, 3, 137, 58938360802240433, 40024200768616375417, 25196662344252580631709019, 40750132628233031659691463442252865365171 ] ],
    [ 376, [ 2, 2, 2, 5, 127, 137, 23251, 27705464201839185754024843550223550944901, 25680462449381902771021803174526750128554227796539868129 ] ],
    [ 377, [ 2, 2, 2, 2, 2, 104946403, 1174597479951824193058019858161, 5625950884989006023708135096593544754589443905340348263929760209999 ] ],
    [ 378, [ 14737, 408337613, 4994599124278761511, 1423251931772443944321082915021472781111185843837626771497500810226451628077 ] ],
    [ 379, [ 5, 197, 5987, 26096597705896303, 595403574502311551140559100314471, 899867198472594001534522426683452629259554372469219 ] ],
    [ 380, [ 2, 2, 2, 2, 2, 41, 431, 4656944753893, 15339396191461, 140122403020604796686203, 28080158605282751611115903254232674719308003204365067 ] ],
    [ 381, [ 2, 2, 2, 101, 179, 7741, 36677, 33164759, 3946745273, 7888268679127, 7225751756667762144519452509814941551432375040816154173839710077 ] ],
    [ 382, [ 2, 2, 2, 2, 3, 3, 5, 5, 11, 41, 70828113130125936675577637, 378473777635565966180953909, 13568248216171146070648402283162699177260065516227 ] ],
    [ 383, [ 17, 19087, 43965671620363, 50865633125314526176269476570133362069628203, 1568656592829292820590450862272069663904076103 ] ],
    [ 384, [ 3, 7, 67, 1307, 4855348895654158981, 245737175930471922835238300394147815614310742054897173790240221960213030737176319009 ] ],
    [ 385, [ 2, 24270861244124814863, 87127280430928314378567988699077552667687707035927943465547026380976542380435017450224711 ] ],
    [ 386, [ 2, 2, 3, 3, 3, 5, 5, 19, 158913329428312317546407443657180096985045449528594254484656286689704613044290381487176163915864943056779 ] ],
    [ 387, [ 2, 2, 2, 3, 3, 5, 5, 17, 673, 20849, 18671119310246736659, 1960171038340092287245504390837031366868136309217455246355970353847912775037291 ] ],
    [ 388, [ 17, 691, 8501, 129551462635494107651, 2341289338001030715208226826124095937482431190786387406222492741001287953104225131 ] ],
    [ 389, [ 23, 1447777, 19600751, 3570446207, 25054055115297175614666424630461258590281605269148495422462840949836584217109678745619 ] ],
    [ 390, [ 2, 2, 2, 3, 3, 5, 5, 5, 7, 31, 467, 5179, 941119, 83468960890192997783045290404271037, 303302863580853276258511394994963962601235216455820001737 ] ],
    [ 391, [ 2, 2, 3, 3, 5, 5, 257, 419, 13519543, 59155546034079861725773968597067, 2798802864470487435858627905597559851272960941222809226793663679 ] ],
    [ 392, [ 2, 2, 2, 2, 2, 2, 3, 3, 5, 5, 6451, 1024305797, 4394491515142385118737314926122319019432142838191805814911693782704047101564030055972106951321 ] ],
    [ 393, [ 4705135733, 562578612911251, 430529491924201576913576324021, 707257993154757681408844661643791433303515594353552652851 ] ],
    [ 394, [ 260273743, 137705475965985182150708929238951590331144433479, 43347387433255817482028568949378262802761549104938789269 ] ],
    [ 395, [ 2, 19639747, 140192219, 264957709336396771, 2052515717050407920195274329333717575862373815461887542827125891049397145041531 ] ],
    [ 396, [ 2, 2, 2, 2, 2, 19, 227, 3371, 9421, 257787777898901, 6293199852502373, 3787932751874773991, 214308746963642216346898943643050854773152269117759 ] ],
    [ 397, [ 2, 2, 2, 2, 2, 2, 2, 2, 2, 2, 7, 151, 4178501, 352153965526981, 6986207967693480426685684364441686882046579130839724904667034922549424466867594466243 ] ],
    [ 398, [ 3, 5, 29, 43, 83, 101, 523, 593, 5835722027619137, 11098821021605647711, 20950768243991627662079, 325007167774925322790968629770055293603939 ] ],
    [ 399, [ 11, 23, 20731, 196697659253721631, 1678358093773708061119, 23876004744386010909160202743259487457659990246267952298893564817711 ] ],
    [ 400, [ 2, 2, 2, 2, 2, 2, 2, 2, 2, 2, 2, 137, 496339, 572223485017052243119372036953624179913553061987726891777615770280472936719472046075651248994013978597 ] ],
    [ 401, [ 2, 2, 2, 2, 2, 3, 3, 3, 61, 131, 709, 5805709614808512010984662602877155181594795839399, 5404885911914002593865616813346871296235493757068125391 ] ],
    [ 402, [ 2, 2, 2, 2, 2, 2, 3881, 8839536168634163, 1234022678894249041971763, 109278585461331597166840207205744599533759961453329229556545955130889 ] ],
    [ 403, [ 570715477230657507260856922916263899125719719799716315658037426965098518067104736883969560246768393299952242281793 ] ],
    [ 404, [ 7, 17, 137, 21908069, 245629746224570233240710554023531600253, 12539361203886888624757483983735187537225215004237108171598357759 ] ],
    [ 405, [ 2, 5, 137, 227, 3319422857, 3203818465723697407, 19069955898641506127777, 33620932750353840119512247232583353406132012086194709794081 ] ],
    [ 406, [ 2, 2, 7, 19, 7202991709279, 267569910024909130932630199, 878771734709273485447777115861959, 4536352584976773775319147543131874377627 ] ],
    [ 407, [ 2, 2, 2, 17, 101, 2363194187769628273926142301337263, 177523582001884727811311583195061481807, 1367216553724237565802014299440637512173 ] ],
    [ 408, [ 3, 73, 137, 860932006286384469456013, 587933040511319080281450952970884755767638672080681876146318211986471890802672727520777 ] ],
    [ 409, [ 19, 83, 137, 41201, 553181, 1709959, 13117262537, 28702365959, 2911218327634853, 3171911769318247910136380212559128499056875020655417498773 ] ],
    [ 410, [ 2, 2, 2, 3, 23, 37, 71, 71, 137, 4950858037903, 704413717918577, 1147074853294700374980081090075904423102488586337660476292099189382905877485593 ] ],
    [ 411, [ 2, 2, 31, 1601, 94950178286278518911, 5770024440155956323882643299756962953100952512837443512278673405596943708261008271910288163 ] ],
    [ 412, [ 2, 2, 2, 2, 3, 3, 3, 3, 3, 13, 237816611, 17441466990041496228126537035896144693879962544624066658523931880149923880425297677235830396726849271749 ] ],
    [ 413, [ 3, 97, 5960627, 73299973991, 2011832822340199, 1579874214285504392897960863806821803515425372006635314686546957976413799940165033 ] ],
    [ 414, [ 11, 229, 198083, 1561119445811111741154133052354621927326210706431104600335891943600918740036292579794110624470267360481601633 ] ],
    [ 415, [ 2, 29, 81981173836676529431910342103650909258479, 315774990209728080369107944552158152489282451758060330936012056458622283699 ] ],
    [ 416, [ 2, 2, 2, 3, 13, 881, 2203, 299501, 1168889781855893159, 225146611463366846413183, 60638151428690743102540809690657606121596275887518002004257027 ] ],
    [ 417, [ 2, 2, 2, 2, 2, 3, 7, 13, 947, 8803, 1884934273223989492254801311293786585321839851, 40639376843632361738677343838808417782490067853124542181732967 ] ],
    [ 418, [ 3, 5, 268733, 433861, 4744211, 1296038907226415113351505714584321741210654080988408572111527342569459613336166482410086736356766379 ] ],
    [ 419, [ 15973, 9947281, 7346339447666945376399589623240946232377808938042363, 17757891107736873345086088998013370782580051683058236751 ] ],
    [ 420, [ 2, 2, 2, 2, 2, 5, 13, 43, 83, 3566679005371, 13471967832340785680681633847847796385268131278219, 112009965468332168405507536860555669087662247217639 ] ],
    [ 421, [ 2, 2, 2, 13, 269041, 10441601039, 1454998336935753061, 181170948998480336173702444481191097408520518415161137298211045554789550449476972331 ] ],
    [ 422, [ 2, 2, 2, 2, 5, 13, 17, 643, 7639363, 8528713902307, 4028506681489716791807749561829900090280662759, 49750825914676532668569245860692413500019424023 ] ],
    [ 423, [ 5, 1195291, 63599137508290260129091225576562284719927281846087757173, 752821095642368589858827478639287163991982209288601188427 ] ],
    [ 424, [ 3, 577, 318638275477507444149485093908752715700623640883422670049560294839196043462666087013080995940459168676255389198757411 ] ],
    [ 425, [ 2, 163, 667477243697828471, 6463013251200063107713472843, 755986866974911643452046673985821484542546631635974953149676810789886479 ] ],
    [ 426, [ 2, 2, 17, 31, 601, 243170414247247, 7407548634901271, 54530002542546426832431946319948003, 16468190006387019396783274218806636093832981877051 ] ],
    [ 427, [ 2, 2, 2, 3, 3, 3, 3, 17, 19, 29, 101, 32528275427, 4586193203313843617511558533, 43192642768164548305482224575023321019079356141105864636746875325189994141 ] ],
    [ 428, [ 527053, 5238538117017714844433951, 1082213216106474868618256377831, 2548303680820877686460839815263528123948145159133884098263859 ] ],
    [ 429, [ 790819, 978678229, 15596864749, 1790597157502032931151910072010162769229371, 679023092258643710002206292596205588284729976509230677 ] ],
    [ 430, [ 2, 2, 2, 19, 23117, 214190983, 4293349892975459519050489, 8755331322810769691319957058714182471367324886915961090418567495141278722310494063 ] ],
    [ 431, [ 2, 2, 5, 11, 199, 62639, 3533435811366533523182574018456697, 5627761511063101558493794606726288766722225474838403328721917804691143101918043 ] ],
    [ 432, [ 2, 2, 2, 2, 2, 13, 31, 331, 3923, 9927000493987919144521, 41222498060197398676472609100121051, 15339391740911807103214827291470458570981816713988200493 ] ],
    [ 433, [ 7, 17, 15628201675882253, 108946729333134858283820556073187174049673476470428128027600240760659196547446149757359041275478535408643 ] ],
    [ 434, [ 3, 137, 257, 535088893, 12630712971681269, 547078652104227065839033142797377486383545835529671543198924752176339476048415559456514345591 ] ],
    [ 435, [ 2, 1231577358788141, 305629432031820789829466364581832958127996865626975272597111143920096570521292848958189559399361309127706037 ] ],
    [ 436, [ 2, 2, 2, 2, 3, 3, 859, 317157499, 2689404242514665068934343520288508529255768238525843, 13753349858585092271934090764369154901802276780823496532059 ] ],
    [ 437, [ 2, 2, 2, 2, 2, 2, 2, 157, 139185484400547503526097111667610889041472003469775226681019246514166071031444640754509519088912002335971847878219778387 ] ],
    [ 438, [ 3, 3, 3, 3, 137, 211, 1877, 116693959685707, 961686592099151, 292796606590005212024232471631, 37334610681739209877856361060131655788735230813752631051 ] ],
    [ 439, [ 3, 137, 911, 9431, 2520697, 109799244119, 537752232665671657, 363799606784132358462083, 54354797514052941641307793702602077786502912284622671839 ] ],
    [ 440, [ 2, 2, 2, 2, 2, 2, 2, 5, 21419260240144754382814163032463470497074931241351580329, 1461316127570779867759259649444240137720818437803191201945788757589 ] ],
    [ 441, [ 2, 2, 2, 2, 167, 67489201077769, 214124434196762254332626211613316894091089822727068726426536087554742002142156294235102401968993387013948049 ] ],
    [ 442, [ 2, 2, 2, 2, 2, 3, 7, 137, 149, 3110560309, 1744337771858137455474679770440884021105082174503293917402495154645867031903997778007089869343294070022136263 ] ],
    [ 443, [ 3, 137, 173799237381854911502801666849743, 1231703131095939557243856932448288865291567, 1630639418153559153791624838913234183320837940531 ] ],
    [ 444, [ 3, 5, 137, 505257257, 266340759945414641716048578735325641090228387224326047463743043363197836038505356290476561071719345447794916452143 ] ],
    [ 445, [ 2, 5, 701, 1540171, 128110789, 75127251136602026361755276766791639, 5129797329108297742470506992462115698964936597603086219207460850935828497 ] ],
    [ 446, [ 2, 2, 19707501323, 19891533461, 1026551055151, 5380579800847, 118634026476897712581322926460538893958730233042871509385826233258403340169482947 ] ],
    [ 447, [ 2, 2, 2, 53, 19433, 10115045299, 10642790200995039493078332381977, 21328198411113077292478974918630671, 104689676948543044777310414245867328160038089 ] ],
    [ 448, [ 661, 2131, 33941, 661327, 90625529, 7666851137779328359, 173780899268470337372460623337232357898675685018324891142400934796182188184699643741 ] ],
    [ 449, [ 11, 5956965845545694786110874603081, 112301608844325829811112656319542426204207775911911241232634075298963726162967562949932809112559 ] ],
    [ 450, [ 2, 2, 2, 3, 7, 433, 683, 1427, 26927, 597556279267, 12433788741164796213394880116041975722019298036400754468802689509771135722406323835445171571677768863 ] ],
    [ 451, [ 2, 2, 151, 187947917008987, 42136913229744385041367716880151273537, 5715882610223431354290839547403245036066132016317566296478983229593326403 ] ],
    [ 452, [ 2, 2, 2, 2, 19, 12151231, 418406758086447440932439055898007363, 16095310430227953578515870440016356797, 2118541209005995438461284301276200447494542893 ] ],
    [ 453, [ 3, 3, 17, 3257, 16097, 285559, 32187853782380928727, 1377828518444713851872323511523319682894212902946456974747448949938435739597447090696448125137 ] ],
    [ 454, [ 5, 36229, 55643143, 19427079687464854964362200911656945139626602522856550343247989491707134790644559429180891432316896740245711061588059 ] ],
    [ 455, [ 2, 379, 58653181, 8489714780752996236919033868943844873255212017207349128081850787108617877936586947321736732086559599150104038710169719 ] ],
    [ 456, [ 2, 2, 2, 12993781727088435765825191503759767670673777941, 6999010945238340071089336277501611502097505694206904628801308661997606117096011157 ] ],
    [ 457, [ 2, 2, 2, 2, 2, 5, 59685940504270232053006421, 3887335863380442653455411951469, 37776914908000690545837561034209011886911136393607147688671626769936001 ] ],
    [ 458, [ 4703, 2533687909483653106213, 226856292419989278680754997132145896898611963699999004005986087718293500700218621361560141774257719677117 ] ],
    [ 459, [ 41, 109, 29753, 125113, 313215844561195912978851195831537521978381173746984378108116761751596541232096210156866693671758302712142349834884021 ] ],
    [ 460, [ 2, 2, 2, 2, 2, 3, 3, 3, 5, 7, 7, 7, 17, 89, 6299, 9337, 76172790670909426505068613578431634304857004111967160685755976282098476711489723977566552521946949865969784008029 ] ],
    [ 461, [ 2, 2, 2, 61, 109, 3081737, 25247459124694949, 157117071656945656579, 322072024331818624461635819401, 92441722618290733462309625456448273382079509080337961 ] ],
    [ 462, [ 2, 2, 2, 2, 3, 7, 7, 563, 8873453, 53244639307, 3342447339611, 2701849797845115478994641676613550808768765651, 6604992050545556813994571538228566691937859655843 ] ],
    [ 463, [ 89, 102605177, 158105527, 106005632807, 756179497918258021, 26612767874745609540035989860701, 23354493903028282095609219360931676692655261420428529 ] ],
    [ 464, [ 3, 3, 3, 3, 5, 11273, 855059, 35517175232883927457164157448770259218461045888647479221424159264566070017163007043302601811400346153755141782335377087 ] ],
    [ 465, [ 2, 3, 3, 3, 5, 7496093102833529, 132050072858902164407739944336983761910972094640310580129782868618294399244975891251047040643851952961766111829991 ] ],
    [ 466, [ 2, 2, 20177459, 2921210405102681, 477359951524612096161514498161871, 4577311276498184802788734154339703353947446481047954259011916789369832429951 ] ],
    [ 467, [ 2, 2, 2, 37, 78043064918168093, 42986100969367500742173799673097031376034780120561196978981857866241058559455247033042090673882131724077408825713 ] ],
    [ 468, [ 3, 3, 3, 5, 5, 47, 67, 137, 23371, 302971751, 29999813884751, 9180038851226779, 3370721880479079817739125275436004326191438161463296685131864341828771058952198097 ] ],
    [ 469, [ 3, 3, 3, 5, 3756098897, 7276122399032556769803186102159139609516440991443749272367511210831426053553970909035580100005625351041918898665019934179 ] ],
    [ 470, [ 2, 2, 2, 3, 3, 3, 5, 1033, 15229880940577810272420348010225059798224077, 418560796243961929329941625565188011582095892225721406113096400121164194294278043941 ] ],
    [ 471, [ 2, 2, 1427, 31307, 5527508881, 44498857657979, 311877292476059012187394628265200403173653767544458902685805299491920365658602826076226791624467964771 ] ],
    [ 472, [ 2, 2, 2, 2, 2, 2, 2, 11, 41, 137, 173, 131334979152246643, 147049056882491219327227642325208478678596938691215691228328018121612008530916190909222259742692246266317421 ] ],
    [ 473, [ 137, 491, 1873, 517539267136681417769951724664723, 781125907235244616334154254885807683719159167232696898177316578165204822317939453846336100601 ] ],
    [ 474, [ 287692817, 31492324062032113615318640689174367116637797, 10836244742311407902458113741527395076025588018900745215434005880967254117262760169 ] ],
    [ 475, [ 2, 907, 1361879, 3103163849639843891125453269173887545699293184511859, 24685411604966925023158962898968867713363687902999352852411993181909464983 ] ],
    [ 476, [ 2, 2, 2, 2, 2, 2, 3, 5, 11, 41, 137, 115931, 1228243, 2318892501675829, 33626168728757777, 553884243551697142597276387006353558792318054067160152961810624789766832173439634633 ] ],
    [ 477, [ 2, 2, 2, 2, 2, 2, 2, 2, 2, 2, 11, 41, 59, 67, 137, 181, 5693, 488967439838637061, 1296883595266172321, 4302422055591610618565921506165805676093111953042118612506756148353286113535784643 ] ],
    [ 478, [ 137, 49103, 132580923919, 4956823986531451, 24642584642484488350211, 219246054318146273397258588091541719, 56743322548888640109265916999847155797360129 ] ],
    [ 479, [ 3, 3, 3, 7, 17, 19, 61449247, 64843671694523, 1417113859468429, 1554336120694061863128316196759, 4875914852944220027379389255318560398049609379589298263671932721 ] ],
    [ 480, [ 2, 2, 2, 2, 2, 2, 2, 2, 2, 2, 11, 11, 41, 409, 866969, 87465510576654289, 3363309860874339109088447, 3899616761099937021719927972923913, 2436918099820232103260279500441202821377740227 ] ],
    [ 481, [ 2, 2, 2, 2, 2, 2, 11, 41, 37638701, 2008751232877735769, 36667337473015868093, 121303774575733368568716418431550801306362906945479057990020306072031758069120327719253 ] ],
    [ 482, [ 2, 2, 2, 2, 2, 2, 2, 7, 11, 41, 70607, 233980388571421, 28019572883932046712038993, 100024424247254217633012050846167683400303643576279043851712813492081385202064807524377 ] ],
    [ 483, [ 5, 17, 950447, 35096317, 3195793176058886609607833291, 3980161102950466509214634744556879490356269385989706906749914062266044444040892123963775543181 ] ],
    [ 484, [ 17, 4089282550688229477353251608838361577114468335809169033463736166492090887591161122058508075895427638557955513150921365741428942160608689 ] ],
    [ 485, [ 2, 251, 2081, 6317, 49508263267, 410147458984007872738221073917011007775801069820209375184356302032341463269371141498500007589203623758838997232821493 ] ],
    [ 486, [ 2, 2, 3, 109097, 1689079381989419969, 116806934580130604444127693565360425565481851713840355212864094844170390264305241882501786278927760117215965283299 ] ],
    [ 487, [ 2, 2, 2, 919, 9983041478080805833, 6783482646075513606578454635656967011843645297974769748192309108638136643713088940213293094853920300668330927654671 ] ],
    [ 488, [ 3, 67, 438521, 19308504059339243610244347917, 563889959501541113662030398746963882893853373340099015266226433366839260514814176223922207285262586251 ] ],
    [ 489, [ 4789, 31990072489119508385261863053164433914101296391658831, 12074738441162045462117555809146451008360444532802283887590155465834992321174521639 ] ],
    [ 490, [ 2, 2, 2, 3, 3, 3, 79, 79, 13947119, 271376092978169, 5772035862705113, 121074615127983615817162322563370280582627151365597741999903170754239662576918040827871047062491 ] ],
    [ 491, [ 2, 2, 3, 37, 19033031, 9265789098865908233, 87777085818707925794769492571577094049831108257020036440571089187234344596121836493826193331079861637720632731 ] ],
    [ 492, [ 2, 2, 2, 2, 257, 1484426747, 2170455907776553864879046885876781387594142130252843341374001149712203230947969636820150586238360269985153098303318687303093647 ] ],
    [ 493, [ 34510747, 16917372899640769, 43740517106459527160108694590588427569561043039154958075347160516574623112913704754836091949813833601103819444703363 ] ],
    [ 494, [ 3, 19, 31, 107, 19489, 27845686288877063, 5623989134661843596137, 41374120850594171320069626362693624040317, 2061761783013732006338075289720153474846406916994931 ] ],
    [ 495, [ 2, 3, 293, 4722953527, 5211403047343, 130546626706523387, 16797128182827073923721367684306715676297327099634864445243379926020658989295862713263856938701901 ] ],
    [ 496, [ 2, 2, 2, 3, 5, 7, 13, 30773, 746749, 550215477098311, 270287762824986469, 450337396843709777, 10882581356189887580780487329165295387875274878377053364270924040506891953697 ] ],
    [ 497, [ 2, 2, 2, 2, 2, 1867, 98257, 5119518913589621443866541, 464784520059398805158682242496468281664564588829, 25238642612466107150037848529317306214964594629066211136831 ] ],
    [ 498, [ 5, 23, 107, 230389, 1103009, 7278433022127608881, 29857445208612947990006478428762658798481973734047668914952213160131894997459794699061354910343275091699827 ] ],
    [ 499, [ 107, 6470731695191828104327745084989259, 492572768316113702339340007560213593, 3840729575402394047057671707337882883315386775837082761529088851186217 ] ],
    [ 500, [ 2, 2, 2, 2, 2, 5, 5, 13, 26386571, 420820120045571715352654300654794669808480891909684568409918529, 21863357550983961163934883338971023586993299666554256611067717326449 ] ]
]
