c:\sys\ut\rpn\rpn.py -l120 -a200 1 200 range 13 k_fibonacci factor -E 1 enumerate -s1
[
    [ 1, [ 0 ] ],
    [ 2, [ 0 ] ],
    [ 3, [ 0 ] ],
    [ 4, [ 0 ] ],
    [ 5, [ 0 ] ],
    [ 6, [ 0 ] ],
    [ 7, [ 0 ] ],
    [ 8, [ 0 ] ],
    [ 9, [ 0 ] ],
    [ 10, [ 0 ] ],
    [ 11, [ 0 ] ],
    [ 12, [ 1 ] ],
    [ 13, [ 1 ] ],
    [ 14, [ 2 ] ],
    [ 15, [ 2, 2 ] ],
    [ 16, [ 2, 2, 2 ] ],
    [ 17, [ 2, 2, 2, 2 ] ],
    [ 18, [ 2, 2, 2, 2, 2 ] ],
    [ 19, [ 2, 2, 2, 2, 2, 2 ] ],
    [ 20, [ 2, 2, 2, 2, 2, 2, 2 ] ],
    [ 21, [ 2, 2, 2, 2, 2, 2, 2, 2 ] ],
    [ 22, [ 2, 2, 2, 2, 2, 2, 2, 2, 2 ] ],
    [ 23, [ 2, 2, 2, 2, 2, 2, 2, 2, 2, 2 ] ],
    [ 24, [ 2, 2, 2, 2, 2, 2, 2, 2, 2, 2, 2 ] ],
    [ 25, [ 2, 2, 2, 2, 2, 2, 2, 2, 2, 2, 2, 2 ] ],
    [ 26, [ 8191 ] ],
    [ 27, [ 16381 ] ],
    [ 28, [ 2, 2, 2, 3, 3, 5, 7, 13 ] ],
    [ 29, [ 2, 2, 11, 1489 ] ],
    [ 30, [ 2, 2, 2, 2, 19, 431 ] ],
    [ 31, [ 2, 2, 2, 2, 3, 53, 103 ] ],
    [ 32, [ 2, 2, 2, 2, 2, 2, 2, 2, 23, 89 ] ],
    [ 33, [ 2, 2, 2, 2, 2, 2, 5, 5, 5, 131 ] ],
    [ 34, [ 2, 2, 2, 2, 2, 2, 2, 2, 3, 2729 ] ],
    [ 35, [ 2, 2, 2, 2, 2, 2, 2, 2, 7, 2339 ] ],
    [ 36, [ 2, 2, 2, 2, 2, 2, 2, 2, 2, 2, 2, 4093 ] ],
    [ 37, [ 2, 2, 2, 2, 2, 2, 2, 2, 2, 2, 3, 3, 17, 107 ] ],
    [ 38, [ 2, 2, 2, 2, 2, 2, 2, 2, 2, 2, 2, 2, 5, 1637 ] ],
    [ 39, [ 2, 2, 2, 2, 2, 2, 2, 2, 2, 2, 2, 2, 16369 ] ],
    [ 40, [ 547, 245131 ] ],
    [ 41, [ 11, 11, 41, 191, 283 ] ],
    [ 42, [ 2, 239, 599, 1873 ] ],
    [ 43, [ 2, 2, 2, 41, 3269807 ] ],
    [ 44, [ 2, 2, 2, 2, 2, 11, 479, 12721 ] ],
    [ 45, [ 2, 2, 2, 2, 268091419 ] ],
    [ 46, [ 2, 2, 2, 2, 2, 29, 9243967 ] ],
    [ 47, [ 2, 2, 2, 2, 2, 2, 2, 2, 293, 439, 521 ] ],
    [ 48, [ 2, 2, 2, 2, 2, 2, 2, 2, 13, 10309319 ] ],
    [ 49, [ 2, 2, 2, 2, 2, 2, 2, 2, 268025921 ] ],
    [ 50, [ 2, 2, 2, 2, 2, 2, 2, 2, 2, 10789, 24841 ] ],
    [ 51, [ 2, 2, 2, 2, 2, 2, 2, 2, 2, 2, 2, 487, 275147 ] ],
    [ 52, [ 2, 2, 2, 2, 2, 2, 2, 2, 2, 2, 2, 2, 2, 2, 11, 3045191 ] ],
    [ 53, [ 2, 2, 2, 2, 2, 2, 2, 2, 2, 2, 2, 2, 19, 2099, 6719 ] ],
    [ 54, [ 31, 70806381601 ] ],
    [ 55, [ 13, 337671346333 ] ],
    [ 56, [ 2, 2, 2, 2, 2, 3, 3, 30482356679 ] ],
    [ 57, [ 2, 2, 2, 127, 1019, 16958077 ] ],
    [ 58, [ 2, 2, 2, 2, 3, 3, 243829062767 ] ],
    [ 59, [ 2, 2, 2, 2, 235751, 18615637 ] ],
    [ 60, [ 2, 2, 2, 2, 2, 2, 2, 2, 2, 3, 61381, 1489463 ] ],
    [ 61, [ 2, 2, 2, 2, 2, 2, 2, 2, 13, 2281, 36995573 ] ],
    [ 62, [ 2, 2, 2, 2, 2, 2, 2, 2, 13, 3517, 47985071 ] ],
    [ 63, [ 2, 2, 2, 2, 2, 2, 2, 2, 11, 641, 23087, 26953 ] ],
    [ 64, [ 2, 2, 2, 2, 2, 2, 2, 2, 2, 2, 2, 2, 2, 2, 137103588341 ] ],
    [ 65, [ 2, 2, 2, 2, 2, 2, 2, 2, 2, 2, 2, 3, 731174472289 ] ],
    [ 66, [ 2, 2, 2, 2, 2, 2, 2, 2, 2, 2, 2, 2, 2193389428463 ] ],
    [ 67, [ 2, 2, 2, 2, 2, 2, 2, 2, 2, 2, 2, 2, 3, 1462170298829 ] ],
    [ 68, [ 7, 293, 110557, 158464039 ] ],
    [ 69, [ 3, 23, 1790599, 581619107 ] ],
    [ 70, [ 2, 3, 7, 59, 57994693579919 ] ],
    [ 71, [ 2, 2, 71851036154282039 ] ],
    [ 72, [ 2, 2, 2, 11, 1015369, 6432649987 ] ],
    [ 73, [ 2, 2, 2, 2, 2, 3, 17, 853, 825716141141 ] ],
    [ 74, [ 2, 2, 2, 2, 2, 2, 3, 3, 3, 47543, 53719, 520889 ] ],
    [ 75, [ 2, 2, 2, 2, 2, 2, 2, 7, 17, 2154941, 140060147 ] ],
    [ 76, [ 2, 2, 2, 2, 2, 2, 2, 2, 2, 3, 1949, 60257, 50968259 ] ],
    [ 77, [ 2, 2, 2, 2, 2, 2, 2, 2, 7, 7, 7, 139, 761, 1979612939 ] ],
    [ 78, [ 2, 2, 2, 2, 2, 2, 2, 2, 2, 3, 3, 3, 1061, 2507079949793 ] ],
    [ 79, [ 2, 2, 2, 2, 2, 2, 2, 2, 2, 2, 3, 239957, 99762224447 ] ],
    [ 80, [ 2, 2, 2, 2, 2, 2, 2, 2, 2, 2, 2, 103, 229, 19417, 156797609 ] ],
    [ 81, [ 2, 2, 2, 2, 2, 2, 2, 2, 2, 2, 2, 2, 2, 2, 61, 4621, 63149, 1008499 ] ],
    [ 82, [ 5, 41, 73, 4237507, 9275642657 ] ],
    [ 83, [ 11, 401, 2699, 7345739, 13451143 ] ],
    [ 84, [ 2, 2, 2, 17620349, 16689126210947 ] ],
    [ 85, [ 2, 2, 47, 25025554517693207659 ] ],
    [ 86, [ 2, 2, 2, 2, 2, 3, 5, 19602153594739160129 ] ],
    [ 87, [ 2, 2, 2, 2, 2, 3, 271, 3469, 208498851969451 ] ],
    [ 88, [ 2, 2, 2, 2, 2, 2, 2, 2, 2, 2, 3, 11, 9324827, 119425557841 ] ],
    [ 89, [ 2, 2, 2, 2, 2, 2, 2, 97, 6061410835430485039 ] ],
    [ 90, [ 2, 2, 2, 2, 2, 2, 2, 2, 10847, 176389, 307282471967 ] ],
    [ 91, [ 2, 2, 2, 2, 2, 2, 2, 2, 19309, 137173583, 443907137 ] ],
    [ 92, [ 2, 2, 2, 2, 2, 2, 2, 2, 2, 2, 2, 29, 29, 53, 103, 877, 102533, 711973 ] ],
    [ 93, [ 2, 2, 2, 2, 2, 2, 2, 2, 2, 2, 61, 107, 113, 317, 5028263359193 ] ],
    [ 94, [ 2, 2, 2, 2, 2, 2, 2, 2, 2, 2, 2, 2, 2, 2, 5, 11, 47, 137, 414927007467127 ] ],
    [ 95, [ 2, 2, 2, 2, 2, 2, 2, 2, 2, 2, 2, 2, 2, 2, 3, 3, 2477, 13182196130137043 ] ],
    [ 96, [ 11, 875360621321374789176227 ] ],
    [ 97, [ 11, 43, 1790863, 22733151847178459 ] ],
    [ 98, [ 2, 3, 349, 20113, 180172999, 5075085761 ] ],
    [ 99, [ 2, 2, 2, 2, 1997, 56171, 113578589, 377818673 ] ],
    [ 100, [ 2, 2, 2, 2, 2, 2, 2, 83, 14497913193606979379447 ] ],
    [ 101, [ 2, 2, 2, 2, 2, 13, 373, 3583, 554048843989879883 ] ],
    [ 102, [ 2, 2, 2, 2, 2, 2, 5, 1925087667820108725806833 ] ],
    [ 103, [ 2, 2, 2, 2, 2, 2, 2, 2, 157, 947, 17957, 294181, 6127255037 ] ],
    [ 104, [ 2, 2, 2, 2, 2, 2, 2, 2, 3, 109, 91322359, 322286848662497 ] ],
    [ 105, [ 2, 2, 2, 2, 2, 2, 2, 2, 11, 1749759013870705617371773 ] ],
    [ 106, [ 2, 2, 2, 2, 2, 2, 2, 2, 2, 5, 41, 1289, 2281, 12917, 2472012555619 ] ],
    [ 107, [ 2, 2, 2, 2, 2, 2, 2, 2, 2, 2, 2, 2, 2, 3, 11, 72897719045218891640461 ] ],
    [ 108, [ 2, 2, 2, 2, 2, 2, 2, 2, 2, 2, 2, 2, 2, 2, 2, 11, 109339899280325635383809 ] ],
    [ 109, [ 2, 2, 2, 2, 2, 2, 2, 2, 2, 2, 2, 2, 2, 2, 31, 38953, 22970777, 173430919427 ] ],
    [ 110, [ 1039, 5237, 11131, 2602531043343590903 ] ],
    [ 111, [ 7, 79, 683, 636554001821, 1311144632983 ] ],
    [ 112, [ 2, 2, 2, 2, 2, 2, 2, 15829529461, 311140955264214307 ] ],
    [ 113, [ 2, 2, 2, 2, 3, 3, 8755402787204937016505088677 ] ],
    [ 114, [ 2, 2, 2, 2, 2, 78793811777664155631391821689 ] ],
    [ 115, [ 2, 2, 2, 2, 2, 17, 283, 7717, 3830737, 1107973526532043 ] ],
    [ 116, [ 2, 2, 2, 2, 2, 2, 2, 2, 2, 3, 11, 1583, 30348142859, 12423732350719 ] ],
    [ 117, [ 2, 2, 2, 2, 2, 2, 2, 2, 5, 41, 384289627415305104611857117 ] ],
    [ 118, [ 2, 2, 2, 2, 2, 2, 2, 2, 11, 11, 1793874539, 725836082333312971 ] ],
    [ 119, [ 2, 2, 2, 2, 2, 2, 2, 2, 5, 11, 3203, 15313, 116799113316822530071 ] ],
    [ 120, [ 2, 2, 2, 2, 2, 2, 2, 2, 2, 2, 2, 2, 2, 2, 2, 5, 53, 18576636346286593878362491 ] ],
    [ 121, [ 2, 2, 2, 2, 2, 2, 2, 2, 2, 2, 2, 2, 2, 193, 827, 18181, 13570499267970813277 ] ],
    [ 122, [ 2, 2, 2, 2, 2, 2, 2, 2, 2, 2, 2, 2, 2, 2, 3, 7, 47837, 18543148279, 2113893875123 ] ],
    [ 123, [ 2, 2, 2, 2, 2, 2, 2, 2, 2, 2, 2, 2, 2, 2, 56118945367, 1403278424541463163 ] ],
    [ 124, [ 3, 860112976540328644966130016758443 ] ],
    [ 125, [ 1230169, 14230091, 294786618373926588619 ] ],
    [ 126, [ 2, 1409, 16267, 32489629, 6929317804723568879 ] ],
    [ 127, [ 2, 2, 307, 968411491273, 17355169250764892791 ] ],
    [ 128, [ 2, 2, 2, 5, 1511, 53951, 689917, 4902077, 3742740280901 ] ],
    [ 129, [ 2, 2, 2, 2, 11, 463, 1321, 1667, 460004426911217444558761 ] ],
    [ 130, [ 2, 2, 2, 2, 2, 11, 103, 173, 1249, 3671, 5740169805057179688737 ] ],
    [ 131, [ 2, 2, 2, 2, 2, 2, 3, 7, 14088103, 10377828833, 1680129395728873 ] ],
    [ 132, [ 2, 2, 2, 2, 2, 2, 2, 157, 584561, 56203715639858705691033997 ] ],
    [ 133, [ 2, 2, 2, 2, 2, 2, 2, 2, 2, 3, 2819, 3301, 92379612845007541002256991 ] ],
    [ 134, [ 2, 2, 2, 2, 2, 2, 2, 2, 2, 2, 23, 181, 251, 117757, 90975676801, 230366488927 ] ],
    [ 135, [ 2, 2, 2, 2, 2, 2, 2, 2, 2, 2, 2, 19, 103, 2083, 51282440719, 12334914749046311 ] ],
    [ 136, [ 2, 2, 2, 2, 2, 2, 2, 2, 2, 2, 2, 2, 73, 262961737583, 134320711788381480277 ] ],
    [ 137, [ 2, 2, 2, 2, 2, 2, 2, 2, 2, 2, 2, 2, 2, 431, 5982112913812903835431510215671 ] ],
    [ 138, [ 5, 79, 151, 691, 18341, 115901, 3066739721, 157212141649 ] ],
    [ 139, [ 3, 13, 17, 233, 546838777427336257695672260303971 ] ],
    [ 140, [ 2, 2, 2, 67, 701, 191563, 13491497, 173971312971298767707 ] ],
    [ 141, [ 2, 2, 5, 11, 31, 79, 474671017, 1321087262955556323490369 ] ],
    [ 142, [ 2, 2, 2, 2, 5, 1069171, 34973459, 225872525399319685480591 ] ],
    [ 143, [ 2, 2, 2, 2, 8629, 9377, 1043754237589588464608029796363 ] ],
    [ 144, [ 2, 2, 2, 2, 2, 2, 2, 2, 3, 3, 127, 1180974774989, 7820225364580131007717 ] ],
    [ 145, [ 2, 2, 2, 2, 2, 2, 3, 5, 19, 41, 350881, 20595911154182287974631418953 ] ],
    [ 146, [ 2, 2, 2, 2, 2, 2, 2, 2, 2, 7, 7, 158724366686661593, 2714209555673666537 ] ],
    [ 147, [ 2, 2, 2, 2, 2, 2, 2, 2, 2, 34160827229823883, 1235828327212626377357 ] ],
    [ 148, [ 2, 2, 2, 2, 2, 2, 2, 2, 2, 2, 2, 2, 79, 48091, 4328339, 41618309, 15420675804575029 ] ],
    [ 149, [ 2, 2, 2, 2, 2, 2, 2, 2, 2, 2, 2, 5, 7, 7, 5831801, 29543686490574444802241838761 ] ],
    [ 150, [ 2, 2, 2, 2, 2, 2, 2, 2, 2, 2, 2, 2, 2, 3, 3, 53, 59, 175837, 1762261, 491366933, 4925157559747 ] ],
    [ 151, [ 2, 2, 2, 2, 2, 2, 2, 2, 2, 2, 2, 2, 2, 751, 93017723, 222521910223, 2715201017134219 ] ],
    [ 152, [ 17, 10067, 290471, 15950016834977, 872089189166220733 ] ],
    [ 153, [ 17, 53, 753025913, 2038180173712563016019458462873 ] ],
    [ 154, [ 2, 3, 3, 3, 3, 17071266297410849933347352841544913116073 ] ],
    [ 155, [ 2, 2, 2, 7, 1103, 141917, 1840194259765711, 342864550702239607 ] ],
    [ 156, [ 2, 2, 2, 2, 2, 3, 3, 29, 329577883, 74868109968217, 53671319154329507 ] ],
    [ 157, [ 2, 2, 2, 2, 7, 7, 17, 47, 79, 407837077, 1096009989363784656831658073 ] ],
    [ 158, [ 2, 2, 2, 2, 2, 73, 85091, 4421744020646893, 50332042494810013963 ] ],
    [ 159, [ 2, 2, 2, 2, 2, 2, 2, 2, 2, 215909, 128488439, 6228641349484814203525019479 ] ],
    [ 160, [ 2, 2, 2, 2, 2, 2, 2, 2, 2, 1783, 2236448192467, 86660542745957613094420309 ] ],
    [ 161, [ 2, 2, 2, 2, 2, 2, 2, 2, 2, 3, 4241, 40697, 194056039, 6877901797997979267731263 ] ],
    [ 162, [ 2, 2, 2, 2, 2, 2, 2, 2, 2, 2, 4459333, 154966784969249898651185468263794971 ] ],
    [ 163, [ 2, 2, 2, 2, 2, 2, 2, 2, 2, 2, 2, 2, 3, 109635991999, 1050455350409288999520322369517 ] ],
    [ 164, [ 2, 2, 2, 2, 2, 2, 2, 2, 2, 2, 2, 2, 2, 2, 2, 2, 3, 19, 29, 107, 149, 68963, 23761641606306006568351792153 ] ],
    [ 165, [ 2, 2, 2, 2, 2, 2, 2, 2, 2, 2, 2, 2, 2, 5, 7, 2431212302821, 8119663120551761029437242057 ] ],
    [ 166, [ 3, 53, 199, 353, 4761499, 212840243330481128274651444769813 ] ],
    [ 167, [ 7, 31, 53, 6789221567, 289914696441234368756690231183059 ] ],
    [ 168, [ 2, 2, 2, 2, 2, 5, 209800267, 1673171673243011, 806051445009024541099 ] ],
    [ 169, [ 2, 2, 2, 61, 185529480292039108842169163433175579224707671 ] ],
    [ 170, [ 2, 2, 2, 2, 31799, 472289, 17025039749, 44259530845355080497721883 ] ],
    [ 171, [ 2, 2, 2, 2, 3, 5, 11, 4568293613581, 30024912273337509097798178757461 ] ],
    [ 172, [ 2, 2, 2, 2, 2, 2, 2, 2, 2, 2, 2621527, 269767022212268809774888392899442743477 ] ],
    [ 173, [ 2, 2, 2, 2, 2, 2, 2, 2, 2, 2828633335969031826209300769603307243826020087 ] ],
    [ 174, [ 2, 2, 2, 2, 2, 2, 2, 2, 2, 5, 5, 17, 606551398429727, 21944393559346356440272267123 ] ],
    [ 175, [ 2, 2, 2, 2, 2, 2, 2, 2, 2, 40472599, 903863731, 26958454944527, 11471614290568741 ] ],
    [ 176, [ 2, 2, 2, 2, 2, 2, 2, 2, 2, 2, 2, 2, 2, 2, 2, 2, 3, 5, 11, 3343, 320447409097032783228620971722581875403 ] ],
    [ 177, [ 2, 2, 2, 2, 2, 2, 2, 2, 2, 2, 2, 2, 3, 25889, 6234165059, 11681152873028175555926081211407 ] ],
    [ 178, [ 2, 2, 2, 2, 2, 2, 2, 2, 2, 2, 2, 2, 2, 3, 3, 97021121084085679841, 6476870405459693068628167 ] ],
    [ 179, [ 2, 2, 2, 2, 2, 2, 2, 2, 2, 2, 2, 2, 2, 15649, 1619110546271, 11232919460173, 39739439270247853 ] ],
    [ 180, [ 26213137, 7068900764395553307044370369714741682394609 ] ],
    [ 181, [ 3, 61, 1784283131, 1134904948024715280074423658975932034781 ] ],
    [ 182, [ 2, 7, 17, 19, 163888038483711049897725520623368580164121346693 ] ],
    [ 183, [ 2, 2, 3, 131, 36947, 25518171956451136494706478146262706708510041 ] ],
    [ 184, [ 2, 2, 2, 19, 59, 199, 701, 4759, 59052468791623, 8430712723279437758103379 ] ],
    [ 185, [ 2, 2, 2, 2, 2, 2, 29, 41, 1499, 172883, 10434244313334389, 28807890800463812023799 ] ],
    [ 186, [ 2, 2, 2, 2, 2, 2, 2, 3, 11, 1171, 201765611, 5489061301, 2164041819674215738979344907 ] ],
    [ 187, [ 2, 2, 2, 2, 2, 2, 2, 2, 7, 176951, 10499648903, 43308401609981, 164420963617258904987 ] ],
    [ 188, [ 2, 2, 2, 2, 2, 2, 2, 2, 2, 2, 2, 3, 3, 3149563245601, 816724943015736431877279562423996717 ] ],
    [ 189, [ 2, 2, 2, 2, 2, 2, 2, 2, 2, 11, 109, 599, 5231, 4837739, 6953311847, 1465437339928156999518467 ] ],
    [ 190, [ 2, 2, 2, 2, 2, 2, 2, 2, 2, 2, 7, 11, 1930603, 1245724165633569674997845508987510703602671 ] ],
    [ 191, [ 2, 2, 2, 2, 2, 2, 2, 2, 2, 2, 2, 17, 29, 22129, 4976453, 6172845797, 40971499651, 13486000109152717 ] ],
    [ 192, [ 2, 2, 2, 2, 2, 2, 2, 2, 2, 2, 2, 2, 61, 503, 185711, 32495040637066389504531783451230850898401 ] ],
    [ 193, [ 2, 2, 2, 2, 2, 2, 2, 2, 2, 2, 2, 2, 2, 2, 587, 1176366050273, 134065003751591437104994796576105581 ] ],
    [ 194, [ 3, 3, 5, 5, 157, 8164332968374424399, 10517597222758473712244103016933 ] ],
    [ 195, [ 3, 90353, 472137916872273693859, 47401290922822950148631239277 ] ],
    [ 196, [ 2, 2, 2, 23, 383, 18360110382492063587, 9376364078561633560108536128477 ] ],
    [ 197, [ 2, 2, 17, 307, 2695747981, 5762357423921963, 74817474467124754224062029 ] ],
    [ 198, [ 2, 2, 2, 2, 2, 2, 3, 7, 7, 7, 7, 4733, 22238392297645778152994067856759678438571715973 ] ],
    [ 199, [ 2, 2, 2, 2, 2, 2, 17, 89, 3697, 34807, 601193193590393358557, 12953518391114647536349 ] ],
    [ 200, [ 2, 2, 2, 2, 2, 2, 2, 2, 2, 2, 2, 2, 5, 5, 41, 2791, 12739, 209227, 1452049496431943, 4279195001073797399563 ] ]
]
